2.500688000000000102e+03 -1.488893548361957073e+02
2.501994999999999891e+03 -1.488393548373132944e+02
2.503432999999999993e+03 -1.486393548361957073e+02
2.504546000000000276e+03 -1.483993548378348351e+02
2.506020999999999731e+03 -1.483193548377603292e+02
2.506020999999999731e+03 -1.483193548377603292e+02
2.507319999999999709e+03 -1.484493548367172480e+02
2.507322000000000116e+03 -1.484493548367172480e+02
2.508404999999999745e+03 -1.485393548365682364e+02
2.509610999999999876e+03 -1.488893548361957073e+02
2.510895999999999731e+03 -1.492593548372387886e+02
2.512355000000000473e+03 -1.494993548374623060e+02
2.513452000000000226e+03 -1.495693548377603292e+02
2.514690000000000509e+03 -1.495793548375368118e+02
2.516212000000000444e+03 -1.496593548376113176e+02
2.517309000000000196e+03 -1.496493548378348351e+02
2.518768000000000029e+03 -1.496393548361957073e+02
2.519864999999999782e+03 -1.496893548369407654e+02
2.521181999999999789e+03 -1.496593548376113176e+02
2.522404999999999745e+03 -1.495693548377603292e+02
2.523658999999999651e+03 -1.497393548376858234e+02
2.525163999999999760e+03 -1.499193548373878002e+02
2.526279000000000451e+03 -1.499693548362702131e+02
2.527516999999999825e+03 -1.499493548367172480e+02
2.528850000000000364e+03 -1.500693548377603292e+02
2.530121000000000095e+03 -1.501393548361957073e+02
2.531375000000000000e+03 -1.501293548364192247e+02
2.532833000000000538e+03 -1.501493548378348351e+02
2.534104000000000269e+03 -1.501693548373878002e+02
2.535153000000000247e+03 -1.503093548361212015e+02
2.537773000000000138e+03 -1.505193548370152712e+02
2.539309000000000196e+03 -1.505293548367917538e+02
2.539309000000000196e+03 -1.505293548367917538e+02
2.541926999999999680e+03 -1.507493548374623060e+02
2.541926999999999680e+03 -1.507493548374623060e+02
2.545534999999999854e+03 -1.510793548375368118e+02
2.547042000000000371e+03 -1.510393548365682364e+02
2.547045000000000073e+03 -1.510393548365682364e+02
2.549563000000000102e+03 -1.509093548376113176e+02
2.549563000000000102e+03 -1.509093548376113176e+02
2.550692000000000007e+03 -1.509693548362702131e+02
2.552056999999999789e+03 -1.508393548373132944e+02
2.553108000000000175e+03 -1.510093548372387886e+02
2.554458000000000538e+03 -1.511093548368662596e+02
2.555913999999999760e+03 -1.512393548376858234e+02
2.557028000000000247e+03 -1.511793548371642828e+02
2.558485999999999876e+03 -1.512093548364937305e+02
2.559599000000000160e+03 -1.513393548373132944e+02
2.560869999999999891e+03 -1.513993548378348351e+02
2.562078000000000429e+03 -1.513993548378348351e+02
2.563440000000000509e+03 -1.513993548378348351e+02
2.564868000000000393e+03 -1.514393548369407654e+02
2.565917999999999665e+03 -1.515893548373132944e+02
2.567487000000000080e+03 -1.517293548360466957e+02
2.567487000000000080e+03 -1.517293548360466957e+02
2.570057999999999993e+03 -1.518493548370897770e+02
2.570057999999999993e+03 -1.518493548370897770e+02
2.571154999999999745e+03 -1.523293548375368118e+02
2.572377999999999702e+03 -1.523293548375368118e+02
2.573884000000000015e+03 -1.521393548361957073e+02
2.574980999999999767e+03 -1.519393548369407654e+02
2.576454999999999927e+03 -1.518993548378348351e+02
2.577756000000000313e+03 -1.523593548368662596e+02
2.577756000000000313e+03 -1.523593548368662596e+02
2.580061999999999898e+03 -1.526293548364192247e+02
2.582916000000000167e+03 -1.527493548374623060e+02
2.582916000000000167e+03 -1.527493548374623060e+02
2.584012999999999920e+03 -1.529093548376113176e+02
2.585440000000000509e+03 -1.529493548367172480e+02
2.586521999999999935e+03 -1.530293548367917538e+02
2.588028000000000247e+03 -1.530493548363447189e+02
2.589109000000000378e+03 -1.529493548367172480e+02
2.590364000000000487e+03 -1.533393548373132944e+02
2.591601999999999862e+03 -1.534393548369407654e+02
2.592873000000000502e+03 -1.533793548364192247e+02
2.594216999999999643e+03 -1.534593548364937305e+02
2.595617000000000189e+03 -1.535293548367917538e+02
2.596746000000000095e+03 -1.535693548377603292e+02
2.598220000000000255e+03 -1.534693548362702131e+02
2.599301999999999680e+03 -1.529793548360466957e+02
2.600608000000000175e+03 -1.530693548377603292e+02
2.601890000000000327e+03 -1.549193548373878002e+02
2.603110999999999876e+03 -1.552893548365682364e+02
2.604570999999999913e+03 -1.564093548376113176e+02
2.605838999999999942e+03 -1.583293548375368118e+02
2.606952000000000226e+03 -1.593593548368662596e+02
2.608161000000000058e+03 -1.619693548362702131e+02
2.609524000000000342e+03 -1.644693548362702131e+02
2.610935999999999694e+03 -1.662493548374623060e+02
2.611987000000000080e+03 -1.691593548376113176e+02
2.613444999999999709e+03 -1.713493548370897770e+02
2.614746000000000095e+03 -1.728993548378348351e+02
2.615811999999999898e+03 -1.759993548374623060e+02
2.617287000000000262e+03 -1.783393548373132944e+02
2.618351999999999862e+03 -1.800993548370897770e+02
2.619622000000000298e+03 -1.828593548368662596e+02
2.621158000000000357e+03 -1.851893548369407654e+02
2.622271999999999935e+03 -1.872393548376858234e+02
2.623715000000000146e+03 -1.899793548360466957e+02
2.625016999999999825e+03 -1.922893548365682364e+02
2.627587000000000444e+03 -1.970393548365682364e+02
2.630143000000000029e+03 -2.008193548377603292e+02
2.630143000000000029e+03 -2.008193548377603292e+02
2.632699000000000524e+03 -2.060793548375368118e+02
2.632699000000000524e+03 -2.060793548375368118e+02
2.633797000000000480e+03 -2.079693548362702131e+02
2.635286000000000058e+03 -2.107893548365682364e+02
2.636556000000000495e+03 -2.129393548369407654e+02
2.637623000000000502e+03 -2.148593548368662596e+02
2.638878999999999905e+03 -2.181893548369407654e+02
2.640163999999999760e+03 -2.204693548362702131e+02
2.641654000000000451e+03 -2.217893548365682364e+02
2.642766000000000531e+03 -2.249393548369407654e+02
2.644225000000000364e+03 -2.268993548378348351e+02
2.645525999999999840e+03 -2.284493548367172480e+02
2.645525999999999840e+03 -2.284493548367172480e+02
2.646813000000000102e+03 -2.320193548370152712e+02
2.646813000000000102e+03 -2.320193548370152712e+02
2.650685000000000400e+03 -2.396093548368662596e+02
2.650685000000000400e+03 -2.396093548368662596e+02
2.651987000000000080e+03 -2.418193548377603292e+02
2.651989000000000487e+03 -2.418193548377603292e+02
2.652849000000000160e+03 -2.439493548367172480e+02
2.654354000000000269e+03 -2.472693548370152712e+02
2.655498000000000502e+03 -2.496793548371642828e+02
2.656958000000000538e+03 -2.523593548368662596e+02
2.659560999999999694e+03 -2.581493548378348351e+02
2.663181999999999789e+03 -2.659093548376113176e+02
2.664436999999999898e+03 -2.673593548368662596e+02
2.665753999999999905e+03 -2.671493548378348351e+02
2.667306000000000495e+03 -2.679193548373878002e+02
2.667306000000000495e+03 -2.679193548373878002e+02
2.669831000000000131e+03 -2.664693548362702131e+02
2.669831000000000131e+03 -2.664693548362702131e+02
2.672118999999999687e+03 -2.646793548371642828e+02
2.673391000000000531e+03 -2.628293548375368118e+02
2.674943000000000211e+03 -2.629593548364937305e+02
2.674943000000000211e+03 -2.629593548364937305e+02
2.676212999999999738e+03 -2.605993548370897770e+02
2.676212999999999738e+03 -2.605993548370897770e+02
2.677293999999999869e+03 -2.585893548373132944e+02
2.678737000000000080e+03 -2.586193548366427422e+02
2.679788000000000466e+03 -2.562793548367917538e+02
2.682344000000000051e+03 -2.538493548370897770e+02
2.685181999999999789e+03 -2.495693548377603292e+02
2.685181999999999789e+03 -2.495693548377603292e+02
2.686466999999999643e+03 -2.492193548362702131e+02
2.686469000000000051e+03 -2.492193548362702131e+02
2.689054000000000087e+03 -2.448893548361957073e+02
2.689054000000000087e+03 -2.448893548361957073e+02
2.691626000000000204e+03 -2.426093548368662596e+02
2.691626000000000204e+03 -2.426093548368662596e+02
2.694212999999999738e+03 -2.402793548367917538e+02
2.694212999999999738e+03 -2.402793548367917538e+02
2.698105000000000473e+03 -2.350093548372387886e+02
2.698108000000000175e+03 -2.350093548372387886e+02
2.700658000000000357e+03 -2.311693548373878002e+02
2.700658000000000357e+03 -2.311693548373878002e+02
2.702994999999999891e+03 -2.277293548360466957e+02
2.704435999999999694e+03 -2.261693548373878002e+02
2.705542999999999665e+03 -2.252893548365682364e+02
2.706945999999999913e+03 -2.234393548369407654e+02
2.708028000000000247e+03 -2.219993548374623060e+02
2.709547999999999774e+03 -2.209793548360466957e+02
2.709547999999999774e+03 -2.209793548360466957e+02
2.710819999999999709e+03 -2.189493548367172480e+02
2.711869999999999891e+03 -2.174093548376113176e+02
2.713123999999999796e+03 -2.157793548367917538e+02
2.714456000000000131e+03 -2.136893548369407654e+02
2.715853000000000065e+03 -2.120093548372387886e+02
2.717119999999999891e+03 -2.104293548371642828e+02
2.718425000000000182e+03 -2.081293548364192247e+02
2.719489999999999782e+03 -2.066693548373878002e+02
2.720775000000000546e+03 -2.046093548368662596e+02
2.722265000000000327e+03 -2.021993548367172480e+02
2.723363000000000284e+03 -2.013093548361212015e+02
2.724586000000000240e+03 -1.990493548363447189e+02
2.725872000000000298e+03 -1.975093548372387886e+02
2.728693000000000211e+03 -1.959793548360466957e+02
2.729760000000000218e+03 -1.959893548376858234e+02
2.731061999999999898e+03 -1.956993548367172480e+02
2.732502000000000407e+03 -1.955993548370897770e+02
2.733586000000000240e+03 -1.956093548368662596e+02
2.735045000000000073e+03 -1.957993548363447189e+02
2.736362000000000080e+03 -1.959693548362702131e+02
2.736362000000000080e+03 -1.959693548362702131e+02
2.737382000000000517e+03 -1.958193548377603292e+02
2.738697000000000116e+03 -1.956993548367172480e+02
2.741570999999999913e+03 -1.960693548377603292e+02
2.741573000000000320e+03 -1.960693548377603292e+02
2.743856999999999971e+03 -1.962293548360466957e+02
2.745377999999999702e+03 -1.963393548373132944e+02
2.745377999999999702e+03 -1.963393548373132944e+02
2.747980999999999767e+03 -1.965793548375368118e+02
2.747980999999999767e+03 -1.965793548375368118e+02
2.750569999999999709e+03 -1.964493548367172480e+02
2.750573000000000320e+03 -1.964493548367172480e+02
2.753139000000000124e+03 -1.960993548370897770e+02
2.753139000000000124e+03 -1.960993548370897770e+02
2.755694999999999709e+03 -1.959493548367172480e+02
2.756807999999999993e+03 -1.958793548364192247e+02
2.758297999999999774e+03 -1.958293548375368118e+02
2.759377999999999702e+03 -1.957793548367917538e+02
2.760869999999999891e+03 -1.958493548370897770e+02
2.761966000000000349e+03 -1.957793548367917538e+02
2.763237000000000080e+03 -1.955693548377603292e+02
2.764788999999999760e+03 -1.953093548361212015e+02
2.764788999999999760e+03 -1.953093548361212015e+02
2.767314000000000306e+03 -1.951893548369407654e+02
2.768426999999999680e+03 -1.948793548364192247e+02
2.769885000000000218e+03 -1.946393548361957073e+02
2.771186999999999898e+03 -1.943093548361212015e+02
2.772488000000000284e+03 -1.940593548361212015e+02
2.772488000000000284e+03 -1.940593548361212015e+02
2.773774000000000342e+03 -1.936793548371642828e+02
2.773774000000000342e+03 -1.936793548371642828e+02
2.776315000000000509e+03 -1.935093548372387886e+02
2.777381000000000313e+03 -1.933593548368662596e+02
2.778838999999999942e+03 -1.927293548360466957e+02
2.780141000000000531e+03 -1.924793548360466957e+02
2.782728000000000065e+03 -1.915493548363447189e+02
2.783778000000000247e+03 -1.912293548360466957e+02
2.785315000000000509e+03 -1.906293548364192247e+02
2.789186999999999898e+03 -1.892493548374623060e+02
2.789186999999999898e+03 -1.892493548374623060e+02
2.791712000000000444e+03 -1.880993548370897770e+02
2.792826000000000022e+03 -1.877593548372387886e+02
2.794315000000000509e+03 -1.870593548361212015e+02
2.795444000000000415e+03 -1.866893548369407654e+02
2.796747000000000298e+03 -1.861493548378348351e+02
2.798188000000000102e+03 -1.857693548370152712e+02
2.799238000000000284e+03 -1.853293548375368118e+02
2.800729000000000269e+03 -1.849393548369407654e+02
2.801824999999999818e+03 -1.845993548370897770e+02
2.803317000000000007e+03 -1.843093548361212015e+02
2.804396999999999935e+03 -1.838993548378348351e+02
2.805694000000000415e+03 -1.834193548373878002e+02
2.807141000000000531e+03 -1.830893548373132944e+02
2.808253999999999905e+03 -1.825993548370897770e+02
2.809729000000000269e+03 -1.820493548363447189e+02
2.812315999999999804e+03 -1.813793548364192247e+02
2.812315999999999804e+03 -1.813793548364192247e+02
2.813413000000000466e+03 -1.811193548366427422e+02
2.814872000000000298e+03 -1.808793548364192247e+02
2.815984999999999673e+03 -1.808793548364192247e+02
2.817444000000000415e+03 -1.805893548373132944e+02
2.818572000000000116e+03 -1.803493548370897770e+02
2.820046000000000276e+03 -1.799293548371642828e+02
2.820046000000000276e+03 -1.799293548371642828e+02
