2.227681000000000495e+03 2.596184119106701473e+02
2.228983000000000175e+03 2.604454119106694066e+02
2.231837000000000444e+03 2.613254119106694020e+02
2.231837000000000444e+03 2.613254119106694020e+02
2.232871000000000095e+03 2.615654119106696953e+02
2.235724000000000160e+03 2.622184119106694880e+02
2.235724000000000160e+03 2.622184119106694880e+02
2.236775000000000546e+03 2.616984119106699609e+02
2.239565999999999804e+03 2.627254119106697203e+02
2.239565999999999804e+03 2.627254119106697203e+02
2.240569999999999709e+03 2.624714119106698718e+02
2.242091000000000349e+03 2.629914119106693988e+02
2.243189000000000306e+03 2.630914119106696489e+02
2.244426999999999680e+03 2.627654119106695134e+02
2.245715000000000146e+03 2.637114119106694261e+02
2.247280999999999949e+03 2.643914119106697171e+02
2.247280999999999949e+03 2.643914119106697171e+02
2.248318000000000211e+03 2.642914119106694670e+02
2.249632999999999811e+03 2.647454119106698727e+02
2.250920000000000073e+03 2.649584119106696676e+02
2.252440000000000509e+03 2.658114119106699604e+02
2.252440000000000509e+03 2.658114119106699604e+02
2.253492000000000189e+03 2.660784119106699563e+02
2.254572000000000116e+03 2.662514119106699582e+02
2.256060999999999694e+03 2.665584119106696903e+02
2.257208000000000538e+03 2.665254119106697317e+02
2.258431000000000495e+03 2.667514119106696171e+02
2.259935999999999694e+03 2.671114119106700855e+02
2.261050000000000182e+03 2.674254119106695953e+02
2.262523000000000138e+03 2.679184119106694197e+02
2.263621000000000095e+03 2.680514119106696853e+02
2.264921000000000276e+03 2.681714119106698604e+02
2.266159999999999854e+03 2.687114119106701082e+02
2.267430000000000291e+03 2.688984119106696653e+02
2.268699999999999818e+03 2.691384119106700155e+02
2.270252000000000407e+03 2.688914119106698877e+02
2.270252000000000407e+03 2.688914119106698877e+02
2.272806999999999789e+03 2.682254119106700614e+02
2.272806999999999789e+03 2.682254119106700614e+02
2.273890000000000327e+03 2.680714119106695534e+02
2.275163000000000466e+03 2.677314119106698627e+02
2.276650000000000546e+03 2.681514119106699354e+02
2.277762999999999920e+03 2.680514119106696853e+02
2.279190999999999804e+03 2.680054119106696362e+02
2.280240999999999985e+03 2.675714119106699513e+02
2.281542000000000371e+03 2.680584119106694629e+02
2.282782000000000153e+03 2.679254119106701069e+02
2.284051000000000386e+03 2.684114119106701537e+02
2.285322000000000116e+03 2.691454119106697931e+02
2.286606999999999971e+03 2.680854119106700182e+02
2.287940999999999804e+03 2.687984119106694152e+02
2.289240999999999985e+03 2.689784119106701041e+02
2.290340000000000146e+03 2.692384119106694129e+02
2.291623999999999796e+03 2.686314119106697262e+02
2.292880000000000109e+03 2.682114119106695966e+02
2.294180000000000291e+03 2.681854119106694156e+02
2.296798999999999978e+03 2.670254119106693906e+02
2.298257999999999811e+03 2.671584119106695994e+02
2.299355000000000473e+03 2.677184119106697722e+02
2.300641999999999825e+03 2.684514119106698899e+02
2.301911000000000058e+03 2.689114119106698126e+02
2.303181000000000495e+03 2.688714119106700196e+02
2.304623999999999796e+03 2.689254119106693679e+02
2.305940999999999804e+03 2.692184119106695448e+02
2.306961000000000240e+03 2.683584119106694175e+02
2.308480999999999767e+03 2.685114119106695512e+02
2.308480999999999767e+03 2.685114119106695512e+02
2.309563000000000102e+03 2.689314119106696808e+02
2.310801999999999680e+03 2.693054119106697044e+02
2.312025999999999840e+03 2.692654119106699113e+02
2.313529999999999745e+03 2.694714119106699286e+02
2.314784999999999854e+03 2.696514119106697080e+02
2.316039999999999964e+03 2.703454119106696112e+02
2.317137999999999920e+03 2.710654119106696385e+02
2.318469000000000051e+03 2.703114119106701310e+02
2.319927999999999884e+03 2.704714119106700423e+02
2.320962999999999738e+03 2.702914119106694102e+02
2.323581000000000131e+03 2.701054119106701705e+02
2.324867000000000189e+03 2.699784119106693652e+02
2.326154000000000451e+03 2.693784119106694561e+02
2.327422999999999774e+03 2.697314119106701469e+02
2.328990999999999985e+03 2.696314119106698399e+02
2.328990999999999985e+03 2.696314119106698399e+02
2.330025999999999840e+03 2.696314119106698399e+02
2.331123000000000502e+03 2.694454119106697476e+02
2.332613000000000284e+03 2.694054119106699545e+02
2.332613000000000284e+03 2.694054119106699545e+02
2.333648000000000138e+03 2.697914119106697513e+02
2.335184000000000196e+03 2.704984119106697449e+02
2.335184000000000196e+03 2.704984119106697449e+02
2.336204999999999927e+03 2.697184119106699995e+02
2.338789999999999964e+03 2.704114119106695284e+02
2.340310999999999694e+03 2.711654119106699454e+02
2.341421000000000276e+03 2.715254119106695043e+02
2.342618000000000393e+03 2.720784119106698995e+02
2.343917999999999665e+03 2.725984119106694266e+02
2.345172999999999774e+03 2.728184119106698517e+02
2.346694999999999709e+03 2.729514119106700605e+02
2.346695999999999913e+03 2.729514119106700605e+02
2.347759000000000015e+03 2.727854119106698363e+02
2.349234000000000378e+03 2.729584119106698381e+02
2.349234000000000378e+03 2.729584119106698381e+02
2.350331000000000131e+03 2.734584119106694970e+02
2.351570999999999913e+03 2.736254119106700387e+02
2.353061999999999898e+03 2.736114119106696307e+02
2.354154999999999745e+03 2.739714119106700991e+02
2.355599000000000160e+03 2.739714119106700991e+02
2.356667000000000371e+03 2.740854119106699613e+02
2.357952000000000226e+03 2.743184119106695675e+02
2.359252999999999702e+03 2.743854119106699159e+02
2.360507000000000517e+03 2.750854119106700750e+02
2.361778000000000247e+03 2.753914119106694898e+02
2.363064000000000306e+03 2.756314119106697831e+02
2.364349000000000160e+03 2.750784119106694448e+02
2.365431000000000495e+03 2.750054119106696930e+02
2.366716000000000349e+03 2.748454119106697817e+02
2.368002999999999702e+03 2.750254119106695612e+02
2.369257000000000517e+03 2.752384119106702087e+02
2.374681999999999789e+03 2.740784119106701269e+02
2.374681999999999789e+03 2.740784119106701269e+02
2.375685999999999694e+03 2.741184119106699200e+02
2.376940999999999804e+03 2.746184119106695221e+02
2.378445999999999913e+03 2.747314119106699195e+02
2.380798999999999978e+03 2.743384119106694925e+02
2.383573000000000320e+03 2.736854119106696999e+02
2.384702000000000226e+03 2.739254119106699932e+02
2.386114000000000487e+03 2.743784119106700814e+02
2.387384000000000015e+03 2.749784119106699904e+02
2.388466000000000349e+03 2.755714119106701219e+02
2.389940000000000509e+03 2.761184119106702042e+02
2.391083999999999833e+03 2.754914119106697399e+02
2.392525999999999840e+03 2.756454119106693383e+02
2.393623999999999796e+03 2.759054119106695566e+02
2.394863000000000284e+03 2.748984119106696085e+02
2.396181000000000495e+03 2.746584119106701678e+02
2.397498000000000502e+03 2.750914119106695352e+02
2.398815000000000509e+03 2.747184119106698290e+02
2.399929000000000087e+03 2.756184119106696926e+02
2.401181999999999789e+03 2.759384119106695152e+02
2.402686999999999898e+03 2.745784119106697858e+02
2.402686999999999898e+03 2.745784119106697858e+02
2.403721999999999753e+03 2.744054119106697840e+02
2.405054000000000087e+03 2.749254119106701637e+02
2.406610999999999876e+03 2.740314119106697603e+02
2.406614000000000487e+03 2.740314119106697603e+02
2.407641999999999825e+03 2.745114119106694943e+02
2.408753999999999905e+03 2.746254119106702092e+02
2.410041000000000167e+03 2.750854119106700750e+02
2.411530999999999949e+03 2.754314119106700787e+02
2.412849000000000160e+03 2.743254119106694020e+02
2.413898000000000138e+03 2.743314119106697149e+02
2.415435999999999694e+03 2.744184119106698745e+02
2.415435999999999694e+03 2.744184119106698745e+02
2.416516999999999825e+03 2.747454119106694748e+02
2.417944000000000415e+03 2.753514119106696967e+02
2.419056999999999789e+03 2.751384119106699018e+02
2.420280999999999949e+03 2.755984119106698245e+02
2.421567000000000007e+03 2.756314119106697831e+02
2.422788999999999760e+03 2.755054119106702046e+02
2.424122000000000298e+03 2.756654119106701160e+02
2.425565000000000509e+03 2.756714119106695193e+02
2.426614999999999782e+03 2.757314119106700332e+02
2.428105000000000473e+03 2.760714119106697808e+02
2.429172999999999774e+03 2.764184119106701587e+02
2.430409999999999854e+03 2.766314119106698968e+02
2.431697000000000116e+03 2.773914119106697171e+02
2.432997000000000298e+03 2.763984119106693811e+02
2.434284999999999854e+03 2.776984119106694493e+02
2.437105999999999767e+03 2.796784119106698654e+02
2.437105999999999767e+03 2.796784119106698654e+02
2.438109000000000378e+03 2.800384119106694243e+02
2.439426000000000386e+03 2.800184119106695562e+02
2.440931000000000495e+03 2.788784119106693993e+02
2.440931000000000495e+03 2.788784119106693993e+02
2.443203999999999724e+03 2.793714119106701332e+02
2.447094000000000051e+03 2.816514119106695944e+02
2.449931999999999789e+03 2.830584119106697472e+02
2.449931999999999789e+03 2.830584119106697472e+02
2.451185999999999694e+03 2.828714119106701332e+02
2.452269000000000233e+03 2.835454119106701114e+02
2.453507000000000517e+03 2.831654119106697749e+02
2.454832000000000335e+03 2.835854119106699045e+02
2.456265000000000327e+03 2.844384119106701974e+02
2.457333000000000538e+03 2.844454119106699750e+02
2.458806999999999789e+03 2.854784119106701041e+02
2.460060999999999694e+03 2.864054119106696135e+02
2.461112000000000080e+03 2.860654119106699227e+02
2.462382999999999811e+03 2.865654119106695248e+02
2.463699000000000524e+03 2.874714119106697012e+02
2.465189000000000306e+03 2.881714119106699172e+02
2.466270999999999731e+03 2.888714119106700764e+02
2.467507999999999811e+03 2.886654119106700591e+02
2.468826000000000022e+03 2.888654119106697635e+02
2.470065000000000509e+03 2.891584119106699404e+02
2.472667999999999665e+03 2.893914119106696035e+02
2.474190000000000509e+03 2.898854119106698022e+02
2.474190000000000509e+03 2.898854119106698022e+02
2.475270000000000437e+03 2.899714119106695875e+02
2.476538999999999760e+03 2.903784119106696266e+02
2.477796000000000276e+03 2.913054119106700455e+02
2.479048999999999978e+03 2.910454119106698272e+02
2.480302999999999884e+03 2.911714119106694056e+02
2.481856999999999971e+03 2.912584119106696221e+02
2.481858000000000175e+03 2.912584119106696221e+02
2.484162000000000262e+03 2.921514119106696512e+02
2.485431000000000495e+03 2.921114119106699150e+02
2.486936999999999898e+03 2.930854119106698477e+02
2.488002999999999702e+03 2.926584119106699404e+02
2.489445999999999913e+03 2.928384119106697767e+02
2.491828999999999724e+03 2.934914119106695125e+02
2.493115999999999985e+03 2.932914119106698649e+02
2.495686999999999898e+03 2.930914119106701605e+02
2.496988000000000284e+03 2.934114119106699832e+02
2.498274000000000342e+03 2.929984119106696880e+02
2.499368999999999687e+03 2.925054119106698067e+02
2.500688000000000102e+03 2.923114119106696194e+02
2.501994999999999891e+03 2.927384119106694698e+02
2.503432999999999993e+03 2.936254119106700955e+02
2.504546000000000276e+03 2.941854119106694156e+02
2.506020999999999731e+03 2.943584119106694175e+02
2.506020999999999731e+03 2.943584119106694175e+02
2.507319999999999709e+03 2.938654119106695362e+02
2.507322000000000116e+03 2.938654119106695362e+02
2.508404999999999745e+03 2.939784119106699336e+02
2.509610999999999876e+03 2.934314119106699081e+02
2.510895999999999731e+03 2.927654119106700250e+02
2.512355000000000473e+03 2.925454119106695998e+02
2.513452000000000226e+03 2.923384119106701178e+02
2.514690000000000509e+03 2.924714119106695307e+02
2.516212000000000444e+03 2.919114119106693579e+02
2.517309000000000196e+03 2.925914119106696489e+02
2.518768000000000029e+03 2.930784119106700700e+02
2.519864999999999782e+03 2.930384119106694243e+02
2.521181999999999789e+03 2.934784119106694220e+02
2.522404999999999745e+03 2.936254119106700955e+02
2.523658999999999651e+03 2.937314119106698627e+02
2.525163999999999760e+03 2.930184119106695562e+02
2.526279000000000451e+03 2.929854119106695975e+02
2.527516999999999825e+03 2.930314119106696467e+02
2.528850000000000364e+03 2.923254119106700273e+02
2.530121000000000095e+03 2.927914119106693533e+02
2.531375000000000000e+03 2.935254119106698454e+02
2.532833000000000538e+03 2.941454119106696226e+02
2.534104000000000269e+03 2.946114119106698013e+02
2.535153000000000247e+03 2.945184119106701814e+02
2.537773000000000138e+03 2.940784119106701837e+02
2.539309000000000196e+03 2.945314119106694193e+02
2.539309000000000196e+03 2.945314119106694193e+02
2.541926999999999680e+03 2.938054119106699318e+02
2.541926999999999680e+03 2.938054119106699318e+02
2.545534999999999854e+03 2.940114119106698922e+02
2.547042000000000371e+03 2.947054119106697954e+02
2.547045000000000073e+03 2.947054119106697954e+02
2.549563000000000102e+03 2.951714119106699741e+02
2.549563000000000102e+03 2.951714119106699741e+02
2.550692000000000007e+03 2.945384119106700496e+02
2.552056999999999789e+03 2.954314119106701355e+02
2.553108000000000175e+03 2.949984119106699723e+02
2.554458000000000538e+03 2.948314119106693738e+02
2.555913999999999760e+03 2.947254119106696635e+02
2.557028000000000247e+03 2.956654119106701728e+02
2.558485999999999876e+03 2.957114119106693693e+02
2.559599000000000160e+03 2.956914119106694443e+02
2.560869999999999891e+03 2.956784119106693538e+02
2.562078000000000429e+03 2.960054119106698636e+02
2.563440000000000509e+03 2.964114119106695284e+02
2.564868000000000393e+03 2.960854119106693929e+02
2.565917999999999665e+03 2.955584119106700882e+02
2.567487000000000080e+03 2.949584119106701792e+02
2.567487000000000080e+03 2.949584119106701792e+02
2.570057999999999993e+03 2.950984119106693697e+02
2.570057999999999993e+03 2.950984119106693697e+02
2.571154999999999745e+03 2.944784119106695357e+02
2.572377999999999702e+03 2.945384119106700496e+02
2.573884000000000015e+03 2.956914119106694443e+02
2.574980999999999767e+03 2.966314119106699536e+02
2.576454999999999927e+03 2.970454119106697704e+02
2.577756000000000313e+03 2.955314119106695330e+02
2.577756000000000313e+03 2.955314119106695330e+02
2.580061999999999898e+03 2.953714119106696216e+02
2.582916000000000167e+03 2.957784119106696608e+02
2.582916000000000167e+03 2.957784119106696608e+02
2.584012999999999920e+03 2.957384119106698677e+02
2.585440000000000509e+03 2.955984119106698245e+02
2.586521999999999935e+03 2.961914119106699559e+02
2.588028000000000247e+03 2.967854119106695521e+02
2.589109000000000378e+03 2.977254119106700614e+02
2.590364000000000487e+03 2.967584119106699063e+02
2.591601999999999862e+03 2.973114119106693920e+02
2.592873000000000502e+03 2.977714119106701105e+02
2.594216999999999643e+03 2.972654119106701955e+02
2.595617000000000189e+03 2.970654119106696385e+02
2.596746000000000095e+03 2.970654119106696385e+02
2.598220000000000255e+03 2.975454119106693724e+02
2.599301999999999680e+03 2.985584119106696335e+02
2.600608000000000175e+03 2.997254119106694361e+02
2.601890000000000327e+03 2.993184119106694538e+02
2.603110999999999876e+03 2.999384119106700837e+02
2.604570999999999913e+03 3.009654119106699000e+02
2.605838999999999942e+03 3.015584119106700314e+02
2.606952000000000226e+03 3.017514119106699013e+02
2.608161000000000058e+03 3.019854119106698818e+02
2.609524000000000342e+03 3.012584119106700768e+02
2.610935999999999694e+03 3.009854119106697681e+02
2.611987000000000080e+03 3.012184119106694311e+02
2.613444999999999709e+03 3.005514119106700832e+02
2.614746000000000095e+03 3.009454119106700318e+02
2.615811999999999898e+03 2.999384119106700837e+02
2.617287000000000262e+03 3.001454119106695657e+02
2.618351999999999862e+03 3.007054119106696817e+02
2.619622000000000298e+03 3.007454119106694748e+02
2.621158000000000357e+03 2.995454119106696567e+02
2.622271999999999935e+03 2.998254119106697431e+02
2.623715000000000146e+03 3.003054119106694770e+02
2.625016999999999825e+03 3.008254119106698568e+02
2.627587000000000444e+03 3.018714119106700764e+02
2.630143000000000029e+03 3.038514119106695830e+02
2.630143000000000029e+03 3.038514119106695830e+02
2.632699000000000524e+03 3.056254119106699818e+02
2.632699000000000524e+03 3.056254119106699818e+02
2.633797000000000480e+03 3.067384119106695834e+02
2.635286000000000058e+03 3.072984119106697563e+02
2.636556000000000495e+03 3.069654119106698431e+02
2.637623000000000502e+03 3.070254119106694475e+02
2.638878999999999905e+03 3.068914119106697171e+02
2.640163999999999760e+03 3.063784119106700246e+02
2.641654000000000451e+03 3.084984119106695744e+02
2.642766000000000531e+03 3.092984119106700405e+02
2.644225000000000364e+03 3.096254119106696407e+02
2.645525999999999840e+03 3.095714119106694397e+02
2.645525999999999840e+03 3.095714119106694397e+02
2.646813000000000102e+03 3.099254119106695953e+02
2.646813000000000102e+03 3.099254119106695953e+02
2.650685000000000400e+03 3.095514119106695716e+02
2.650685000000000400e+03 3.095514119106695716e+02
2.651987000000000080e+03 3.097254119106698909e+02
2.651989000000000487e+03 3.097254119106698909e+02
2.652849000000000160e+03 3.094454119106698613e+02
2.654354000000000269e+03 3.099854119106701091e+02
2.655498000000000502e+03 3.099584119106695539e+02
2.656958000000000538e+03 3.099114119106700400e+02
2.659560999999999694e+03 3.100854119106695066e+02
2.663181999999999789e+03 3.083854119106700864e+02
2.664436999999999898e+03 3.075314119106694193e+02
2.665753999999999905e+03 3.077384119106697540e+02
2.667306000000000495e+03 3.060254119106701864e+02
2.667306000000000495e+03 3.060254119106701864e+02
2.669831000000000131e+03 3.057584119106693379e+02
2.669831000000000131e+03 3.057584119106693379e+02
2.672118999999999687e+03 3.052254119106697772e+02
2.673391000000000531e+03 3.055254119106696749e+02
2.674943000000000211e+03 3.048584119106694743e+02
2.674943000000000211e+03 3.048584119106694743e+02
2.676212999999999738e+03 3.046054119106699432e+02
2.676212999999999738e+03 3.046054119106699432e+02
2.677293999999999869e+03 3.048854119106700296e+02
2.678737000000000080e+03 3.040314119106693624e+02
2.679788000000000466e+03 3.040984119106696539e+02
2.682344000000000051e+03 3.034254119106700500e+02
2.685181999999999789e+03 3.030784119106696721e+02
2.685181999999999789e+03 3.030784119106696721e+02
2.686466999999999643e+03 3.014784119106696494e+02
2.686469000000000051e+03 3.014784119106696494e+02
2.689054000000000087e+03 3.000714119106694966e+02
2.689054000000000087e+03 3.000714119106694966e+02
2.691626000000000204e+03 2.971384119106693902e+02
2.691626000000000204e+03 2.971384119106693902e+02
2.694212999999999738e+03 2.948914119106698877e+02
2.694212999999999738e+03 2.948914119106698877e+02
2.698105000000000473e+03 2.905854119106699613e+02
2.698108000000000175e+03 2.905854119106699613e+02
2.700658000000000357e+03 2.883184119106697381e+02
2.700658000000000357e+03 2.883184119106697381e+02
2.702994999999999891e+03 2.859454119106697476e+02
2.704435999999999694e+03 2.840454119106697704e+02
2.705542999999999665e+03 2.819184119106695334e+02
2.706945999999999913e+03 2.801984119106693925e+02
2.708028000000000247e+03 2.781254119106693565e+02
2.709547999999999774e+03 2.763184119106698517e+02
2.709547999999999774e+03 2.763184119106698517e+02
2.710819999999999709e+03 2.744714119106697012e+02
2.711869999999999891e+03 2.726184119106701473e+02
2.713123999999999796e+03 2.709714119106697012e+02
2.714456000000000131e+03 2.698714119106701332e+02
2.715853000000000065e+03 2.684514119106698899e+02
2.717119999999999891e+03 2.669384119106700268e+02
2.718425000000000182e+03 2.654314119106696239e+02
2.719489999999999782e+03 2.635784119106700700e+02
2.720775000000000546e+03 2.614384119106697426e+02
2.722265000000000327e+03 2.598254119106696294e+02
2.723363000000000284e+03 2.573514119106699241e+02
2.724586000000000240e+03 2.554584119106696960e+02
2.725872000000000298e+03 2.536584119106699973e+02
2.728693000000000211e+03 2.496384119106695891e+02
2.729760000000000218e+03 2.465714119106697524e+02
2.731061999999999898e+03 2.446254119106696976e+02
2.732502000000000407e+03 2.426054119106695453e+02
2.733586000000000240e+03 2.404784119106701894e+02
2.735045000000000073e+03 2.375984119106699666e+02
2.736362000000000080e+03 2.356854119106698704e+02
2.736362000000000080e+03 2.356854119106698704e+02
2.737382000000000517e+03 2.337184119106695732e+02
2.738697000000000116e+03 2.320654119106696953e+02
2.741570999999999913e+03 2.272914119106697513e+02
2.741573000000000320e+03 2.272914119106697513e+02
2.743856999999999971e+03 2.232984119106698699e+02
2.745377999999999702e+03 2.214854119106700807e+02
2.745377999999999702e+03 2.214854119106700807e+02
2.747980999999999767e+03 2.179454119106694066e+02
2.747980999999999767e+03 2.179454119106694066e+02
2.750569999999999709e+03 2.144254119106694816e+02
2.750573000000000320e+03 2.144254119106694816e+02
2.753139000000000124e+03 2.120514119106700548e+02
2.753139000000000124e+03 2.120514119106700548e+02
2.755694999999999709e+03 2.093584119106693890e+02
2.756807999999999993e+03 2.076314119106694136e+02
2.758297999999999774e+03 2.060654119106696953e+02
2.759377999999999702e+03 2.043384119106697199e+02
2.760869999999999891e+03 2.031184119106700336e+02
2.761966000000000349e+03 2.015384119106698790e+02
2.763237000000000080e+03 2.006984119106696483e+02
2.764788999999999760e+03 1.999914119106696830e+02
2.764788999999999760e+03 1.999914119106696830e+02
2.767314000000000306e+03 1.972054119106694259e+02
2.768426999999999680e+03 1.965254119106699875e+02
2.769885000000000218e+03 1.957654119106701671e+02
2.771186999999999898e+03 1.950714119106694113e+02
2.772488000000000284e+03 1.945314119106700161e+02
2.772488000000000284e+03 1.945314119106700161e+02
2.773774000000000342e+03 1.941654119106701160e+02
2.773774000000000342e+03 1.941654119106701160e+02
2.776315000000000509e+03 1.911914119106698990e+02
2.777381000000000313e+03 1.900914119106695068e+02
2.778838999999999942e+03 1.900984119106701655e+02
2.780141000000000531e+03 1.895184119106701246e+02
2.782728000000000065e+03 1.885514119106699695e+02
2.783778000000000247e+03 1.879854119106695123e+02
2.785315000000000509e+03 1.880984119106698813e+02
2.789186999999999898e+03 1.872714119106697694e+02
2.789186999999999898e+03 1.872714119106697694e+02
2.791712000000000444e+03 1.871514119106696228e+02
2.792826000000000022e+03 1.864384119106693447e+02
2.794315000000000509e+03 1.870984119106697676e+02
2.795444000000000415e+03 1.867254119106700614e+02
2.796747000000000298e+03 1.867384119106701519e+02
2.798188000000000102e+03 1.864784119106699620e+02
2.799238000000000284e+03 1.864984119106698586e+02
2.800729000000000269e+03 1.863654119106695930e+02
2.801824999999999818e+03 1.863184119106700507e+02
2.803317000000000007e+03 1.860454119106697704e+02
2.804396999999999935e+03 1.853114119106701310e+02
2.805694000000000415e+03 1.855654119106700080e+02
2.807141000000000531e+03 1.858984119106699495e+02
2.808253999999999905e+03 1.858914119106701719e+02
2.809729000000000269e+03 1.853714119106697922e+02
2.812315999999999804e+03 1.844914119106697967e+02
2.812315999999999804e+03 1.844914119106697967e+02
2.813413000000000466e+03 1.845314119106695614e+02
2.814872000000000298e+03 1.842854119106698079e+02
2.815984999999999673e+03 1.829184119106694197e+02
2.817444000000000415e+03 1.826384119106693618e+02
2.818572000000000116e+03 1.825714119106699229e+02
2.820046000000000276e+03 1.820454119106701114e+02
2.820046000000000276e+03 1.820454119106701114e+02
2.821332000000000335e+03 1.814654119106700705e+02
2.821332000000000335e+03 1.814654119106700705e+02
2.822653000000000247e+03 1.812714119106698547e+02
2.822654999999999745e+03 1.812714119106698547e+02
2.823935999999999694e+03 1.811984119106701030e+02
2.823935999999999694e+03 1.811984119106701030e+02
2.826569000000000415e+03 1.810184119106694425e+02
2.826569000000000415e+03 1.810184119106694425e+02
2.827855000000000473e+03 1.803854119106695464e+02
2.827855000000000473e+03 1.803854119106695464e+02
2.830458000000000538e+03 1.794054119106701819e+02
2.830458000000000538e+03 1.794054119106701819e+02
2.833029999999999745e+03 1.788314119106696012e+02
2.833029999999999745e+03 1.788314119106696012e+02
2.835600999999999658e+03 1.766454119106700773e+02
2.835600999999999658e+03 1.766454119106700773e+02
2.836698000000000320e+03 1.766384119106694186e+02
2.838189000000000306e+03 1.762254119106699761e+02
2.839474000000000160e+03 1.768914119106698308e+02
2.840525000000000546e+03 1.771514119106700207e+02
2.842029999999999745e+03 1.764514119106698615e+02
2.843158999999999651e+03 1.753854119106697738e+02
2.844398000000000138e+03 1.750854119106698192e+02
2.845699000000000524e+03 1.747114119106697672e+02
2.847188000000000102e+03 1.743454119106698670e+02
2.848287000000000262e+03 1.742254119106697203e+02
2.849539999999999964e+03 1.729854119106701376e+02
2.850779000000000451e+03 1.728184119106695675e+02
2.852079999999999927e+03 1.721054119106701705e+02
2.854934000000000196e+03 1.714854119106695123e+02
2.854934000000000196e+03 1.714854119106695123e+02
2.857538000000000466e+03 1.712584119106701621e+02
2.857538000000000466e+03 1.712584119106701621e+02
2.860063000000000102e+03 1.698384119106699188e+02
2.860063000000000102e+03 1.698384119106699188e+02
2.861335000000000036e+03 1.697454119106694179e+02
2.862384000000000015e+03 1.694584119106695823e+02
2.863904000000000451e+03 1.696254119106701523e+02
2.865001000000000204e+03 1.691914119106695864e+02
2.866427999999999884e+03 1.688714119106697638e+02
2.867716000000000349e+03 1.684114119106698979e+02
2.868828999999999724e+03 1.687384119106694982e+02
2.870239000000000487e+03 1.690384119106694527e+02
2.871319999999999709e+03 1.687654119106700534e+02
2.872795000000000073e+03 1.683184119106693970e+02
2.873859999999999673e+03 1.684314119106697660e+02
2.875319000000000415e+03 1.685514119106699127e+02
2.876368999999999687e+03 1.679854119106694839e+02
2.877703000000000429e+03 1.673984119106696653e+02
2.879159999999999854e+03 1.673314119106693738e+02
2.880288999999999760e+03 1.670714119106700366e+02
2.881748000000000502e+03 1.669054119106698124e+02
2.882876000000000204e+03 1.665784119106701837e+02
2.884365999999999985e+03 1.665454119106693440e+02
2.885465000000000146e+03 1.667054119106701364e+02
2.888193000000000211e+03 1.654054119106700398e+02
2.889228000000000065e+03 1.648514119106693556e+02
2.890733000000000175e+03 1.643514119106697251e+02
2.891846000000000458e+03 1.642584119106701053e+02
2.894559000000000196e+03 1.637984119106693583e+02
2.895811999999999898e+03 1.639454119106700318e+02
2.897068000000000211e+03 1.635984119106696824e+02
2.898179000000000087e+03 1.641914119106697854e+02
2.899655999999999949e+03 1.637584119106695937e+02
2.900783999999999651e+03 1.630314119106697603e+02
2.902194000000000415e+03 1.624184119106697608e+02
2.903278000000000247e+03 1.615654119106694395e+02
2.904734999999999673e+03 1.611914119106693875e+02
2.905801000000000386e+03 1.610454119106699125e+02
2.907275999999999840e+03 1.615184119106698972e+02
2.908326000000000022e+03 1.608254119106694873e+02
2.909800000000000182e+03 1.605054119106696646e+02
2.910896999999999935e+03 1.599914119106695978e+02
2.912150999999999840e+03 1.593054119106698465e+02
2.913657000000000153e+03 1.595784119106701269e+02
2.913657000000000153e+03 1.595784119106701269e+02
2.916212000000000444e+03 1.595854119106699045e+02
2.917279000000000451e+03 1.589854119106700239e+02
2.918601999999999862e+03 1.589714119106695875e+02
2.920069999999999709e+03 1.576914119106693590e+02
2.920069999999999709e+03 1.576914119106693590e+02
2.922641999999999825e+03 1.574184119106699598e+02
2.923739999999999782e+03 1.579184119106695903e+02
2.924976999999999862e+03 1.572654119106698261e+02
2.926483000000000175e+03 1.567054119106696817e+02
2.927590000000000146e+03 1.564784119106694504e+02
2.929055000000000291e+03 1.569784119106699620e+02
2.930136000000000422e+03 1.570584119106694914e+02
2.931610999999999876e+03 1.569854119106697397e+02
2.932724000000000160e+03 1.567784119106694050e+02
2.934181999999999789e+03 1.561114119106700855e+02
2.935436999999999898e+03 1.559254119106699648e+02
2.936533999999999651e+03 1.559714119106700423e+02
2.937992000000000189e+03 1.555184119106699541e+02
2.939136999999999716e+03 1.555054119106698636e+02
2.940391999999999825e+03 1.563984119106699495e+02
2.944436999999999898e+03 1.565584119106698608e+02
2.945519000000000233e+03 1.569384119106701974e+02
2.946931999999999789e+03 1.576914119106693590e+02
2.948184000000000196e+03 1.573114119106699036e+02
2.949266000000000531e+03 1.575714119106700934e+02
2.950770999999999731e+03 1.574714119106698149e+02
2.951822000000000116e+03 1.575654119106697806e+02
2.953311999999999898e+03 1.576984119106700177e+02
2.954393000000000029e+03 1.581454119106697931e+02
2.955819999999999709e+03 1.581714119106700025e+02
2.957122000000000298e+03 1.578314119106694022e+02
2.959694999999999709e+03 1.582114119106697387e+02
2.960965000000000146e+03 1.583454119106694691e+02
2.962046000000000276e+03 1.584654119106696442e+02
2.963489000000000487e+03 1.588584119106700712e+02
2.964743999999999687e+03 1.595854119106699045e+02
2.966060999999999694e+03 1.595054119106695225e+02
2.967204999999999927e+03 1.599184119106698461e+02
2.968442000000000007e+03 1.604784119106699904e+02
2.969948000000000320e+03 1.602114119106700230e+02
2.971067000000000007e+03 1.590114119106702049e+02
2.972503999999999905e+03 1.590854119106694213e+02
2.973618000000000393e+03 1.595254119106694191e+02
2.974856999999999971e+03 1.601114119106697444e+02
2.976349000000000160e+03 1.601114119106697444e+02
2.977444999999999709e+03 1.600914119106698479e+02
2.978902000000000044e+03 1.601914119106701264e+02
2.979967999999999847e+03 1.601584119106701678e+02
2.981426000000000386e+03 1.603514119106700662e+02
2.982538999999999760e+03 1.595654119106700364e+02
2.984060999999999694e+03 1.600314119106693624e+02
2.984060999999999694e+03 1.600314119106693624e+02
2.985112000000000080e+03 1.597114119106695114e+02
2.986694999999999709e+03 1.608254119106694873e+02
2.986694999999999709e+03 1.608254119106694873e+02
2.989189000000000306e+03 1.621514119106697649e+02
2.989189000000000306e+03 1.621514119106697649e+02
2.990270000000000437e+03 1.623584119106700996e+02
2.992795000000000073e+03 1.618514119106698104e+02
2.994315999999999804e+03 1.618454119106694975e+02
2.994315999999999804e+03 1.618454119106694975e+02
2.996872000000000298e+03 1.610454119106699125e+02
2.997984999999999673e+03 1.616384119106700439e+02
2.999443000000000211e+03 1.621914119106695296e+02
3.000541000000000167e+03 1.625784119106696721e+02
3.001793999999999869e+03 1.626584119106700541e+02
3.003332000000000335e+03 1.622584119106698211e+02
3.003332000000000335e+03 1.622584119106698211e+02
3.005918999999999869e+03 1.615784119106695300e+02
3.005918999999999869e+03 1.615784119106695300e+02
3.007000000000000000e+03 1.621714119106696614e+02
3.008210000000000036e+03 1.624514119106697194e+02
3.009556000000000495e+03 1.615254119106696749e+02
3.010984000000000378e+03 1.610584119106700030e+02
3.012284999999999854e+03 1.614914119106693420e+02
3.014810000000000400e+03 1.614114119106698411e+02
3.015891000000000531e+03 1.619254119106699079e+02
3.017381000000000313e+03 1.620254119106701864e+02
3.018479000000000269e+03 1.617054119106694827e+02
3.021192000000000007e+03 1.610714119106701219e+02
3.022493999999999687e+03 1.603314119106701696e+02
3.023576000000000022e+03 1.608584119106694743e+02
3.025047999999999774e+03 1.607384119106701803e+02
3.025047999999999774e+03 1.607384119106701803e+02
3.026131000000000313e+03 1.595784119106701269e+02
3.027384000000000015e+03 1.596854119106701830e+02
3.028686999999999898e+03 1.599384119106697426e+02
3.030145999999999731e+03 1.605654119106701785e+02
3.031242000000000189e+03 1.604714119106702128e+02
3.032528000000000247e+03 1.602314119106698911e+02
3.033940000000000509e+03 1.605654119106701785e+02
3.035069000000000415e+03 1.614314119106697092e+02
3.036557999999999993e+03 1.615784119106695300e+02
3.037640000000000327e+03 1.606784119106696664e+02
3.039114000000000487e+03 1.603114119106694204e+02
3.040384000000000015e+03 1.604054119106693861e+02
3.041449999999999818e+03 1.608584119106694743e+02
3.043192000000000007e+03 1.610054119106701478e+02
3.043192000000000007e+03 1.610054119106701478e+02
3.044006000000000313e+03 1.616784119106698085e+02
3.045528000000000247e+03 1.623114119106696762e+02
3.046640000000000327e+03 1.631784119106695812e+02
3.048083999999999833e+03 1.632384119106700950e+02
3.049197000000000116e+03 1.631714119106697751e+02
3.050702000000000226e+03 1.621254119106695839e+02
3.050702000000000226e+03 1.621254119106695839e+02
3.051987000000000080e+03 1.617714119106694284e+02
3.051987000000000080e+03 1.617714119106694284e+02
3.053069999999999709e+03 1.615714119106697524e+02
3.054324999999999818e+03 1.619454119106697760e+02
3.055782000000000153e+03 1.616114119106695171e+02
3.056908999999999651e+03 1.619184119106701019e+02
3.058323000000000320e+03 1.616514119106701344e+02
3.059608000000000175e+03 1.626714119106701446e+02
3.060737000000000080e+03 1.625854119106694498e+02
3.062198000000000320e+03 1.622714119106699115e+02
3.063278000000000247e+03 1.623984119106698643e+02
3.064735999999999876e+03 1.617054119106694827e+02
3.065817000000000007e+03 1.621984119106701883e+02
3.067088999999999942e+03 1.626384119106701860e+02
3.068594000000000051e+03 1.634114119106700969e+02
3.068595000000000255e+03 1.634114119106700969e+02
3.073734999999999673e+03 1.629584119106700086e+02
3.074833000000000538e+03 1.632454119106698727e+02
3.076244999999999891e+03 1.622784119106697176e+02
3.077546000000000276e+03 1.625714119106698661e+02
3.077546000000000276e+03 1.625714119106698661e+02
3.078658000000000357e+03 1.628584119106697301e+02
3.080070999999999913e+03 1.627314119106698058e+02
3.081153000000000247e+03 1.626714119106701446e+02
3.082658999999999651e+03 1.633514119106695830e+02
3.083770000000000437e+03 1.637314119106699195e+02
3.085213999999999942e+03 1.632254119106699761e+02
3.086341999999999643e+03 1.633454119106701512e+02
3.087801999999999680e+03 1.632914119106699502e+02
3.088898000000000138e+03 1.635384119106700211e+02
3.090358000000000175e+03 1.640314119106698740e+02
3.091501000000000204e+03 1.637714119106696842e+02
3.092944000000000415e+03 1.638114119106694488e+02
3.094033999999999651e+03 1.642854119106697510e+02
3.095500000000000000e+03 1.648914119106699729e+02
3.096597999999999956e+03 1.643254119106695157e+02
3.098056000000000495e+03 1.647784119106696039e+02
3.099123000000000502e+03 1.641384119106699302e+02
3.100658999999999651e+03 1.645184119106694141e+02
3.101961000000000240e+03 1.655314119106696467e+02
3.101962000000000444e+03 1.655314119106696467e+02
3.103059000000000196e+03 1.656854119106701262e+02
3.104516000000000531e+03 1.654114119106695000e+02
3.105643000000000029e+03 1.648384119106701178e+02
3.107056999999999789e+03 1.645654119106698374e+02
3.108168999999999869e+03 1.647054119106698806e+02
3.109675000000000182e+03 1.651384119106700723e+02
3.109675000000000182e+03 1.651384119106700723e+02
3.110788000000000466e+03 1.647784119106696039e+02
3.112247000000000298e+03 1.650654119106694679e+02
3.113373999999999796e+03 1.654114119106695000e+02
3.114819999999999709e+03 1.656854119106701262e+02
3.116103000000000065e+03 1.660914119106697910e+02
3.117185999999999694e+03 1.663584119106697585e+02
3.118471999999999753e+03 1.658854119106698022e+02
3.119788000000000466e+03 1.660784119106697005e+02
3.121278000000000247e+03 1.666654119106694907e+02
3.122391000000000531e+03 1.667914119106699786e+02
3.123865999999999985e+03 1.661184119106694652e+02
3.124947000000000116e+03 1.660514119106700264e+02
3.126438000000000102e+03 1.662114119106699377e+02
3.127536000000000058e+03 1.660384119106699359e+02
3.129009000000000015e+03 1.665654119106700932e+02
3.130088999999999942e+03 1.655314119106696467e+02
3.131595000000000255e+03 1.651454119106698499e+02
3.132698000000000320e+03 1.646384119106695607e+02
3.134119999999999891e+03 1.648184119106693686e+02
3.135216999999999643e+03 1.647914119106696944e+02
3.136692000000000007e+03 1.650654119106694679e+02
3.137819999999999709e+03 1.657984119106696141e+02
3.139074000000000524e+03 1.660784119106697005e+02
3.140362000000000080e+03 1.667054119106701364e+02
3.141819999999999709e+03 1.671854119106698988e+02
3.142932999999999993e+03 1.670784119106698142e+02
3.144376000000000204e+03 1.675784119106694732e+02
3.145458000000000538e+03 1.674514119106695205e+02
3.146931000000000495e+03 1.675114119106700343e+02
3.147997000000000298e+03 1.671054119106694884e+02
3.149487000000000080e+03 1.673254119106699136e+02
3.150552999999999884e+03 1.666914119106697001e+02
3.152059000000000196e+03 1.669384119106697995e+02
3.153186999999999898e+03 1.674254119106701921e+02
3.154630000000000109e+03 1.674784119106700473e+02
3.155743000000000393e+03 1.677384119106693845e+02
3.157186999999999898e+03 1.676584119106698552e+02
3.158470000000000255e+03 1.674984119106699438e+02
3.159788999999999760e+03 1.666784119106696096e+02
3.160886999999999716e+03 1.666854119106693872e+02
3.162313000000000102e+03 1.662914119106694670e+02
3.163363000000000284e+03 1.667654119106697692e+02
3.164837999999999738e+03 1.660654119106696101e+02
3.165966000000000349e+03 1.657584119106698495e+02
3.167440999999999804e+03 1.660514119106700264e+02
3.168520999999999731e+03 1.660984119106695687e+02
3.169949999999999818e+03 1.667114119106695682e+02
3.171078000000000429e+03 1.665054119106695794e+02
3.172395000000000437e+03 1.665984119106700803e+02
3.173806999999999789e+03 1.657114119106694545e+02
3.175076000000000022e+03 1.659454119106694350e+02
3.176190000000000509e+03 1.661454119106699920e+02
3.177694999999999709e+03 1.650184119106699256e+02
3.177694999999999709e+03 1.650184119106699256e+02
3.178761999999999716e+03 1.653384119106697483e+02
3.180235999999999876e+03 1.660654119106696101e+02
3.181349000000000160e+03 1.658514119106694693e+02
3.182807999999999993e+03 1.661984119106698472e+02
3.183858000000000175e+03 1.658184119106695107e+02
3.185315000000000509e+03 1.659384119106696573e+02
3.186822000000000116e+03 1.651714119106700593e+02
3.186822000000000116e+03 1.651714119106700593e+02
3.189362000000000080e+03 1.657714119106699684e+02
3.189362000000000080e+03 1.657714119106699684e+02
3.191931999999999789e+03 1.666454119106696226e+02
3.191931999999999789e+03 1.666454119106696226e+02
3.193188000000000102e+03 1.665714119106695534e+02
3.193188000000000102e+03 1.665714119106695534e+02
3.194301999999999680e+03 1.669854119106701944e+02
3.195791000000000167e+03 1.669854119106701944e+02
3.195792000000000371e+03 1.669854119106701944e+02
3.196873999999999796e+03 1.668184119106696244e+02
3.199680000000000291e+03 1.672784119106695186e+02
3.199680000000000291e+03 1.672784119106695186e+02
3.203567000000000007e+03 1.668114119106698467e+02
3.203567000000000007e+03 1.668114119106698467e+02
3.206123999999999796e+03 1.673454119106698101e+02
3.206123999999999796e+03 1.673454119106698101e+02
3.207440999999999804e+03 1.674584119106701792e+02
3.207443000000000211e+03 1.674584119106701792e+02
3.208304000000000087e+03 1.673254119106699136e+02
3.209792000000000371e+03 1.673254119106699136e+02
3.210876000000000204e+03 1.672984119106693868e+02
3.212202000000000226e+03 1.675784119106694732e+02
3.213603000000000065e+03 1.682784119106696323e+02
3.214890000000000327e+03 1.687714119106694852e+02
3.216034999999999854e+03 1.686984119106697335e+02
3.217492000000000189e+03 1.681514119106697080e+02
3.218594000000000051e+03 1.681984119106701030e+02
3.220047000000000480e+03 1.674854119106698249e+02
3.221145000000000437e+03 1.673714119106699911e+02
3.222573000000000320e+03 1.673984119106696653e+02
3.223685000000000400e+03 1.676914119106698422e+02
3.225175000000000182e+03 1.679784119106696778e+02
3.226240999999999985e+03 1.673854119106695748e+02
3.227731999999999971e+03 1.669854119106701944e+02
3.228859999999999673e+03 1.675314119106699025e+02
3.230319000000000415e+03 1.683384119106701462e+02
3.231431999999999789e+03 1.685584119106697187e+02
3.232921000000000276e+03 1.686854119106696430e+02
3.234034999999999854e+03 1.685854119106693645e+02
3.235492000000000189e+03 1.688854119106702001e+02
3.236574999999999818e+03 1.687714119106694852e+02
3.238032000000000153e+03 1.688714119106697638e+02
3.239114000000000487e+03 1.692114119106694829e+02
3.240556999999999789e+03 1.694384119106696858e+02
3.241655999999999949e+03 1.700984119106701087e+02
3.242925000000000182e+03 1.698784119106696835e+02
3.244476999999999862e+03 1.695314119106701867e+02
3.244476999999999862e+03 1.695314119106701867e+02
3.247079999999999927e+03 1.694854119106701091e+02
3.247079999999999927e+03 1.694854119106701091e+02
3.249605000000000473e+03 1.701714119106698604e+02
3.250685999999999694e+03 1.712784119106700302e+02
3.252114999999999782e+03 1.712854119106698363e+02
3.253414999999999964e+03 1.708384119106700609e+02
3.254496000000000095e+03 1.702114119106695966e+02
3.255940000000000509e+03 1.698254119106698283e+02
3.257083999999999833e+03 1.694714119106696728e+02
3.258557999999999993e+03 1.701314119106700957e+02
3.261131000000000313e+03 1.702654119106697976e+02
3.261131000000000313e+03 1.702654119106697976e+02
3.263702000000000226e+03 1.705114119106695512e+02
3.264987000000000080e+03 1.703984119106700632e+02
3.266085000000000036e+03 1.703984119106700632e+02
3.267574000000000524e+03 1.705854119106696487e+02
3.271431999999999789e+03 1.702714119106701105e+02
3.272497000000000298e+03 1.699254119106701069e+02
3.274003999999999905e+03 1.702714119106701105e+02
3.275115999999999985e+03 1.700384119106695948e+02
3.276543999999999869e+03 1.699514119106694068e+02
3.277641000000000531e+03 1.690514119106695716e+02
3.279115999999999985e+03 1.690114119106698070e+02
3.280212999999999738e+03 1.691184119106698631e+02
3.281671000000000276e+03 1.694054119106696987e+02
3.282768000000000029e+03 1.694254119106695953e+02
3.284194999999999709e+03 1.699784119106699620e+02
3.285684000000000196e+03 1.701914119106697285e+02
3.285684000000000196e+03 1.701914119106697285e+02
3.286987000000000080e+03 1.697184119106697722e+02
3.286987000000000080e+03 1.697184119106697722e+02
3.289510000000000218e+03 1.701714119106698604e+02
3.289510000000000218e+03 1.701714119106698604e+02
3.292065999999999804e+03 1.708654119106697067e+02
3.292065999999999804e+03 1.708654119106697067e+02
3.294654000000000451e+03 1.701914119106697285e+02
3.294654000000000451e+03 1.701914119106697285e+02
3.297304000000000087e+03 1.709384119106694584e+02
3.297304000000000087e+03 1.709384119106694584e+02
3.299859000000000378e+03 1.714384119106699416e+02
3.299859000000000378e+03 1.714384119106699416e+02
3.301176999999999680e+03 1.716454119106694236e+02
3.301176999999999680e+03 1.716454119106694236e+02
3.303731999999999971e+03 1.722514119106696455e+02
3.303731999999999971e+03 1.722514119106696455e+02
3.304814000000000306e+03 1.719254119106694816e+02
3.306319999999999709e+03 1.714054119106699829e+02
3.307355000000000473e+03 1.714514119106700605e+02
3.308699000000000524e+03 1.713654119106693372e+02
3.310161000000000058e+03 1.717054119106699375e+02
3.311275000000000546e+03 1.709654119106699852e+02
3.312685999999999694e+03 1.705984119106697392e+02
3.313989000000000487e+03 1.702254119106700330e+02
3.315115999999999985e+03 1.695114119106694375e+02
3.316605999999999767e+03 1.697384119106696403e+02
3.316606999999999971e+03 1.697384119106696403e+02
3.317720000000000255e+03 1.703854119106699727e+02
3.319177999999999884e+03 1.714184119106700734e+02
3.320274000000000342e+03 1.714784119106697062e+02
3.321748999999999796e+03 1.712254119106701751e+02
