1.542819000000000415e+03 2.950049627851694822e+01
1.544103000000000065e+03 2.982049627881497145e+01
1.545407000000000153e+03 2.998049627803266048e+01
1.546690999999999804e+03 3.024049627874046564e+01
1.547962000000000444e+03 3.051049627829343081e+01
1.549027000000000044e+03 3.078049627877771854e+01
1.550314000000000306e+03 3.096049627847969532e+01
1.551630000000000109e+03 3.121049627847969532e+01
1.552869999999999891e+03 3.135049627814441919e+01
1.554154999999999745e+03 3.150049627851694822e+01
1.555472999999999956e+03 3.179049627855420113e+01
1.556743000000000393e+03 3.218049627821892500e+01
1.558027000000000044e+03 3.234049627836793661e+01
1.559266999999999825e+03 3.270049627870321274e+01
1.561840000000000146e+03 3.300049627851694822e+01
1.563139000000000124e+03 3.326049627829343081e+01
1.564440999999999804e+03 3.323049627803266048e+01
1.565695999999999913e+03 3.338049627840518951e+01
1.566980999999999767e+03 3.368049627821892500e+01
1.568237000000000080e+03 3.374049627874046564e+01
1.569489999999999782e+03 3.408049627859145403e+01
1.570792999999999665e+03 3.448049627803266048e+01
1.572061999999999898e+03 3.478049627877771854e+01
1.573127000000000407e+03 3.514049627818167210e+01
1.574429000000000087e+03 3.541049627866595984e+01
1.575670000000000073e+03 3.564049627818167210e+01
1.578256000000000313e+03 3.616049627866595984e+01
1.579570999999999913e+03 3.649049627874046564e+01
1.580889000000000124e+03 3.672049627825617790e+01
1.581971999999999753e+03 3.715049627795815468e+01
1.583445999999999913e+03 3.719049627799540758e+01
1.584494999999999891e+03 3.762049627862870693e+01
1.585766999999999825e+03 3.779049627855420113e+01
1.587051999999999680e+03 3.797049627825617790e+01
1.588338999999999942e+03 3.816049627866595984e+01
1.591193000000000211e+03 3.882049627881497145e+01
1.591193000000000211e+03 3.882049627881497145e+01
1.592211000000000240e+03 3.890049627795815468e+01
1.593511999999999716e+03 3.904049627855420113e+01
1.594814000000000306e+03 3.922049627825617790e+01
1.596100000000000364e+03 3.939049627818167210e+01
1.597181999999999789e+03 3.948049627803266048e+01
1.598671000000000276e+03 3.980049627833068371e+01
1.599721999999999753e+03 3.990049627795815468e+01
1.601037000000000262e+03 3.998049627803266048e+01
1.602310000000000400e+03 4.022049627825617790e+01
1.603578000000000429e+03 4.044049627799540758e+01
1.605115999999999985e+03 4.049049627874046564e+01
1.605115999999999985e+03 4.049049627874046564e+01
1.606135000000000218e+03 4.063049627840518951e+01
1.607657000000000153e+03 4.080049627833068371e+01
1.607657000000000153e+03 4.080049627833068371e+01
1.608690999999999804e+03 4.100049627851694822e+01
1.609992000000000189e+03 4.126049627829343081e+01
1.611278000000000247e+03 4.140049627795815468e+01
1.612595000000000255e+03 4.150049627851694822e+01
1.613692000000000007e+03 4.166049627866595984e+01
1.614980000000000473e+03 4.177049627806991339e+01
1.616248000000000502e+03 4.204049627855420113e+01
1.617550000000000182e+03 4.224049627874046564e+01
1.618788000000000466e+03 4.217049627844244242e+01
1.620088999999999942e+03 4.216049627866595984e+01
1.621345000000000255e+03 4.234049627836793661e+01
1.622645000000000437e+03 4.247049627825617790e+01
1.623931999999999789e+03 4.264049627818167210e+01
1.626488000000000284e+03 4.293049627821892500e+01
1.627789999999999964e+03 4.315049627795815468e+01
1.629074999999999818e+03 4.326049627829343081e+01
1.630346000000000458e+03 4.327049627806991339e+01
1.631645999999999731e+03 4.344049627799540758e+01
1.632712000000000444e+03 4.338049627840518951e+01
1.633984000000000378e+03 4.354049627855420113e+01
1.635268000000000029e+03 4.366049627866595984e+01
1.636539999999999964e+03 4.359049627836793661e+01
1.638059000000000196e+03 4.356049627810716629e+01
1.638059000000000196e+03 4.356049627810716629e+01
1.639109999999999673e+03 4.381049627810716629e+01
1.640662000000000262e+03 4.412049627862870693e+01
1.640662000000000262e+03 4.412049627862870693e+01
1.641713999999999942e+03 4.402049627806991339e+01
1.642984000000000378e+03 4.406049627810716629e+01
1.644284999999999854e+03 4.397049627825617790e+01
1.645398000000000138e+03 4.388049627840518951e+01
1.646886999999999716e+03 4.406049627810716629e+01
1.647936999999999898e+03 4.408049627859145403e+01
1.649239999999999782e+03 4.431049627810716629e+01
1.650525000000000546e+03 4.442049627844244242e+01
1.651841999999999643e+03 4.430049627833068371e+01
1.653127000000000407e+03 4.443049627821892500e+01
1.654257999999999811e+03 4.450049627851694822e+01
1.655511999999999716e+03 4.462049627862870693e+01
1.656783000000000357e+03 4.478049627877771854e+01
1.658083999999999833e+03 4.490049627795815468e+01
1.659353000000000065e+03 4.502049627806991339e+01
1.660655999999999949e+03 4.516049627866595984e+01
1.661940000000000509e+03 4.525049627851694822e+01
1.663431000000000495e+03 4.528049627877771854e+01
1.663431000000000495e+03 4.528049627877771854e+01
1.665737000000000080e+03 4.566049627866595984e+01
1.666818000000000211e+03 4.572049627825617790e+01
1.668309000000000196e+03 4.571049627847969532e+01
1.669368000000000393e+03 4.586049627885222435e+01
1.670863000000000284e+03 4.615049627795815468e+01
1.671958999999999833e+03 4.608049627859145403e+01
1.673168999999999869e+03 4.614049627818167210e+01
1.674689000000000306e+03 4.622049627825617790e+01
1.675707000000000335e+03 4.648049627803266048e+01
1.677259000000000015e+03 4.672049627825617790e+01
1.677259000000000015e+03 4.672049627825617790e+01
1.678295000000000073e+03 4.696049627847969532e+01
1.679815000000000509e+03 4.727049627806991339e+01
1.679815000000000509e+03 4.727049627806991339e+01
1.680835000000000036e+03 4.734049627836793661e+01
1.682403000000000247e+03 4.754049627855420113e+01
1.682403000000000247e+03 4.754049627855420113e+01
1.683438000000000102e+03 4.759049627836793661e+01
1.684708000000000538e+03 4.764049627818167210e+01
1.685994999999999891e+03 4.770049627870321274e+01
1.687092999999999847e+03 4.780049627833068371e+01
1.688408000000000357e+03 4.795049627870321274e+01
1.689632999999999811e+03 4.815049627795815468e+01
1.690916000000000167e+03 4.832049627881497145e+01
1.692359999999999673e+03 4.844049627799540758e+01
1.693426000000000386e+03 4.845049627870321274e+01
1.694697000000000116e+03 4.856049627810716629e+01
1.696171000000000276e+03 4.867049627844244242e+01
1.697283999999999651e+03 4.879049627855420113e+01
1.698489000000000487e+03 4.892049627844244242e+01
1.699761999999999716e+03 4.910049627814441919e+01
1.701061999999999898e+03 4.910049627814441919e+01
1.702286000000000058e+03 4.912049627862870693e+01
1.703569999999999709e+03 4.892049627844244242e+01
1.704826000000000022e+03 4.911049627885222435e+01
1.706096000000000458e+03 4.936049627885222435e+01
1.707396999999999935e+03 4.949049627874046564e+01
1.708934000000000196e+03 4.948049627803266048e+01
1.708934000000000196e+03 4.948049627803266048e+01
1.711192000000000007e+03 4.956049627810716629e+01
1.712697000000000116e+03 4.949049627874046564e+01
1.712697000000000116e+03 4.949049627874046564e+01
1.713795000000000073e+03 4.947049627825617790e+01
1.715252999999999702e+03 4.944049627799540758e+01
1.716350999999999658e+03 4.950049627851694822e+01
1.718907000000000153e+03 4.959049627836793661e+01
1.720222999999999956e+03 4.970049627870321274e+01
1.721525000000000546e+03 4.976049627829343081e+01
1.722608000000000175e+03 4.986049627885222435e+01
1.723862000000000080e+03 4.985049627814441919e+01
1.725132999999999811e+03 4.999049627874046564e+01
1.726386000000000422e+03 5.026049627829343081e+01
1.727688000000000102e+03 5.006049627810716629e+01
1.729239000000000487e+03 5.002049627806991339e+01
1.729239000000000487e+03 5.002049627806991339e+01
1.731796000000000276e+03 5.046049627847969532e+01
1.731796000000000276e+03 5.046049627847969532e+01
1.732815999999999804e+03 5.065049627795815468e+01
1.735619999999999891e+03 5.086049627885222435e+01
1.735621000000000095e+03 5.086049627885222435e+01
1.737989999999999782e+03 5.117049627844244242e+01
1.739305000000000291e+03 5.102049627806991339e+01
1.740373999999999796e+03 5.100049627851694822e+01
1.741673999999999978e+03 5.086049627885222435e+01
1.742944999999999709e+03 5.070049627870321274e+01
1.744230999999999767e+03 5.069049627799540758e+01
1.745501000000000204e+03 5.073049627803266048e+01
1.748356999999999971e+03 5.064049627818167210e+01
1.748359999999999673e+03 5.064049627818167210e+01
1.750644000000000233e+03 5.064049627818167210e+01
1.751958999999999833e+03 5.044049627799540758e+01
1.753247000000000298e+03 5.044049627799540758e+01
1.754547000000000480e+03 5.042049627844244242e+01
1.755708000000000538e+03 5.044049627799540758e+01
1.757150999999999840e+03 5.038049627840518951e+01
1.758231999999999971e+03 5.038049627840518951e+01
1.759469000000000051e+03 5.042049627844244242e+01
1.760992000000000189e+03 5.043049627821892500e+01
1.760992000000000189e+03 5.043049627821892500e+01
1.762027000000000044e+03 5.042049627844244242e+01
1.763563000000000102e+03 5.045049627870321274e+01
1.763563000000000102e+03 5.045049627870321274e+01
1.764599000000000160e+03 5.048049627803266048e+01
1.766150999999999840e+03 5.044049627799540758e+01
1.766150999999999840e+03 5.044049627799540758e+01
1.767186999999999898e+03 5.045049627870321274e+01
1.768487000000000080e+03 5.044049627799540758e+01
1.769774000000000342e+03 5.038049627840518951e+01
1.770840000000000146e+03 5.035049627814441919e+01
1.772125000000000000e+03 5.041049627866595984e+01
1.773364999999999782e+03 5.050049627851694822e+01
1.774650000000000546e+03 5.060049627814441919e+01
1.775918999999999869e+03 5.075049627851694822e+01
1.777190999999999804e+03 5.107049627881497145e+01
1.778458999999999833e+03 5.111049627885222435e+01
1.779980999999999767e+03 5.120049627870321274e+01
1.779980999999999767e+03 5.120049627870321274e+01
1.781047000000000480e+03 5.118049627821892500e+01
1.782319000000000415e+03 5.122049627825617790e+01
1.786175000000000182e+03 5.142049627844244242e+01
1.787398000000000138e+03 5.155049627833068371e+01
1.788934000000000196e+03 5.158049627859145403e+01
1.788934000000000196e+03 5.158049627859145403e+01
1.790188000000000102e+03 5.146049627847969532e+01
1.791208000000000538e+03 5.188049627840518951e+01
1.792493999999999687e+03 5.226049627829343081e+01
1.795034999999999854e+03 5.285049627814441919e+01
1.797856999999999971e+03 5.276049627829343081e+01
1.797856999999999971e+03 5.276049627829343081e+01
1.798860999999999876e+03 5.316049627866595984e+01
1.800176000000000386e+03 5.341049627866595984e+01
1.801713999999999942e+03 5.365049627795815468e+01
1.801713999999999942e+03 5.365049627795815468e+01
1.802731999999999971e+03 5.392049627844244242e+01
1.804002000000000407e+03 5.430049627833068371e+01
1.805117000000000189e+03 5.489049627818167210e+01
1.806355000000000473e+03 5.510049627814441919e+01
1.807859999999999673e+03 5.547049627825617790e+01
1.808943000000000211e+03 5.580049627833068371e+01
1.810211000000000240e+03 5.608049627859145403e+01
1.812846000000000458e+03 5.679049627855420113e+01
1.814149000000000342e+03 5.709049627836793661e+01
1.815230999999999767e+03 5.742049627844244242e+01
1.816500000000000000e+03 5.785049627814441919e+01
1.817833999999999833e+03 5.825049627851694822e+01
1.819291000000000167e+03 5.856049627810716629e+01
1.820373000000000502e+03 5.883049627859145403e+01
1.821832000000000335e+03 5.910049627814441919e+01
1.822944000000000415e+03 5.939049627818167210e+01
1.824230999999999767e+03 5.958049627859145403e+01
1.825470000000000255e+03 5.998049627803266048e+01
1.827052999999999884e+03 6.016049627866595984e+01
1.827052999999999884e+03 6.016049627866595984e+01
1.829373000000000502e+03 6.092049627844244242e+01
1.830659999999999854e+03 6.119049627799540758e+01
1.831960000000000036e+03 6.166049627866595984e+01
1.833042999999999665e+03 6.189049627818167210e+01
1.834532000000000153e+03 6.223049627803266048e+01
1.835614000000000487e+03 6.253049627877771854e+01
1.836917000000000371e+03 6.275049627851694822e+01
1.838373999999999796e+03 6.297049627825617790e+01
1.839454999999999927e+03 6.320049627870321274e+01
1.840695999999999913e+03 6.315049627795815468e+01
1.843533000000000357e+03 6.370049627870321274e+01
1.843533000000000357e+03 6.370049627870321274e+01
1.846105000000000473e+03 6.416049627866595984e+01
1.846105000000000473e+03 6.416049627866595984e+01
1.847154000000000451e+03 6.437049627862870693e+01
1.848456000000000131e+03 6.453049627877771854e+01
1.849774000000000342e+03 6.467049627844244242e+01
1.851059000000000196e+03 6.496049627847969532e+01
1.852109999999999673e+03 6.522049627825617790e+01
1.853568000000000211e+03 6.535049627814441919e+01
1.854838999999999942e+03 6.518049627821892500e+01
1.855904000000000451e+03 6.514049627818167210e+01
1.857158999999999651e+03 6.492049627844244242e+01
1.858507000000000517e+03 6.479049627855420113e+01
1.859935000000000400e+03 6.482049627881497145e+01
1.860969000000000051e+03 6.477049627806991339e+01
1.862286000000000058e+03 6.458049627859145403e+01
1.864856999999999971e+03 6.474049627874046564e+01
1.866127999999999702e+03 6.474049627874046564e+01
1.867413999999999760e+03 6.460049627814441919e+01
1.868699999999999818e+03 6.428049627877771854e+01
1.869828000000000429e+03 6.416049627866595984e+01
1.871099000000000160e+03 6.414049627818167210e+01
1.872384000000000015e+03 6.406049627810716629e+01
1.873904000000000451e+03 6.406049627810716629e+01
1.873904000000000451e+03 6.406049627810716629e+01
1.876195999999999913e+03 6.402049627806991339e+01
1.878765000000000327e+03 6.403049627877771854e+01
1.880304000000000087e+03 6.373049627803266048e+01
1.880304000000000087e+03 6.373049627803266048e+01
1.881322000000000116e+03 6.364049627818167210e+01
1.882827000000000226e+03 6.350049627851694822e+01
1.883925000000000182e+03 6.350049627851694822e+01
1.885163999999999760e+03 6.346049627847969532e+01
1.886434000000000196e+03 6.346049627847969532e+01
1.887671000000000276e+03 6.349049627874046564e+01
1.888943000000000211e+03 6.310049627814441919e+01
1.890226999999999862e+03 6.316049627866595984e+01
1.891734000000000378e+03 6.316049627866595984e+01
1.892783000000000357e+03 6.285049627814441919e+01
1.894101999999999862e+03 6.286049627885222435e+01
1.895605999999999767e+03 6.265049627795815468e+01
1.895605999999999767e+03 6.265049627795815468e+01
1.896609999999999673e+03 6.267049627844244242e+01
1.897896999999999935e+03 6.269049627799540758e+01
1.899181999999999789e+03 6.283049627859145403e+01
1.900452000000000226e+03 6.280049627833068371e+01
1.901784999999999854e+03 6.284049627836793661e+01
1.903319999999999709e+03 6.278049627877771854e+01
1.903319999999999709e+03 6.278049627877771854e+01
1.906864999999999782e+03 6.262049627862870693e+01
1.908449000000000524e+03 6.263049627840518951e+01
1.908449000000000524e+03 6.263049627840518951e+01
1.909516000000000531e+03 6.268049627821892500e+01
1.910613000000000284e+03 6.260049627814441919e+01
1.911930000000000291e+03 6.273049627803266048e+01
1.913167999999999665e+03 6.274049627874046564e+01
1.914453999999999724e+03 6.264049627818167210e+01
1.916994999999999891e+03 6.286049627885222435e+01
1.918532000000000153e+03 6.284049627836793661e+01
1.918532000000000153e+03 6.284049627836793661e+01
1.919565999999999804e+03 6.290049627795815468e+01
1.921132999999999811e+03 6.297049627825617790e+01
1.921135000000000218e+03 6.297049627825617790e+01
1.926278000000000247e+03 6.318049627821892500e+01
1.926278000000000247e+03 6.318049627821892500e+01
1.927326000000000022e+03 6.298049627803266048e+01
1.928614000000000487e+03 6.320049627870321274e+01
1.929913999999999760e+03 6.323049627803266048e+01
1.931168999999999869e+03 6.328049627877771854e+01
1.932270000000000437e+03 6.348049627803266048e+01
1.933740999999999985e+03 6.354049627855420113e+01
1.934823000000000320e+03 6.368049627821892500e+01
1.936123999999999796e+03 6.376049627829343081e+01
1.937346999999999753e+03 6.372049627825617790e+01
1.938899000000000342e+03 6.368049627821892500e+01
1.938899000000000342e+03 6.368049627821892500e+01
1.940185999999999694e+03 6.367049627844244242e+01
1.940186999999999898e+03 6.367049627844244242e+01
1.942444999999999709e+03 6.360049627814441919e+01
1.943743999999999687e+03 6.360049627814441919e+01
1.945280999999999949e+03 6.357049627881497145e+01
1.945280999999999949e+03 6.357049627881497145e+01
1.946331000000000131e+03 6.355049627833068371e+01
1.948935000000000400e+03 6.356049627810716629e+01
1.950235999999999876e+03 6.368049627821892500e+01
1.951554000000000087e+03 6.363049627840518951e+01
1.952667000000000371e+03 6.376049627829343081e+01
1.953951000000000022e+03 6.380049627833068371e+01
1.955426000000000386e+03 6.378049627877771854e+01
1.956554000000000087e+03 6.400049627851694822e+01
1.957779000000000451e+03 6.398049627803266048e+01
1.959283999999999651e+03 6.393049627821892500e+01
1.959284999999999854e+03 6.393049627821892500e+01
1.961604000000000269e+03 6.398049627803266048e+01
1.963172999999999774e+03 6.362049627862870693e+01
1.963172999999999774e+03 6.362049627862870693e+01
1.964442000000000007e+03 6.368049627821892500e+01
1.964442000000000007e+03 6.368049627821892500e+01
1.965476999999999862e+03 6.379049627855420113e+01
1.966779000000000451e+03 6.376049627829343081e+01
1.968048999999999978e+03 6.383049627859145403e+01
1.970574000000000524e+03 6.386049627885222435e+01
1.971859000000000378e+03 6.386049627885222435e+01
1.973113000000000284e+03 6.380049627833068371e+01
1.974431000000000495e+03 6.396049627847969532e+01
1.975935999999999694e+03 6.402049627806991339e+01
1.975935999999999694e+03 6.402049627806991339e+01
1.978492000000000189e+03 6.386049627885222435e+01
1.978492000000000189e+03 6.386049627885222435e+01
1.982364999999999782e+03 6.372049627825617790e+01
1.982364999999999782e+03 6.372049627825617790e+01
1.983601999999999862e+03 6.390049627795815468e+01
1.983601999999999862e+03 6.390049627795815468e+01
1.985908999999999651e+03 6.398049627803266048e+01
1.988761000000000422e+03 6.400049627851694822e+01
1.988761000000000422e+03 6.400049627851694822e+01
1.991051000000000386e+03 6.392049627844244242e+01
1.992322000000000116e+03 6.368049627821892500e+01
1.993621000000000095e+03 6.376049627829343081e+01
1.995159999999999854e+03 6.380049627833068371e+01
1.995159999999999854e+03 6.380049627833068371e+01
1.996194000000000415e+03 6.348049627803266048e+01
1.997764000000000124e+03 6.349049627874046564e+01
1.997764000000000124e+03 6.349049627874046564e+01
2.000051000000000386e+03 6.335049627814441919e+01
2.001306999999999789e+03 6.341049627866595984e+01
2.002560999999999694e+03 6.353049627877771854e+01
2.004114000000000487e+03 6.348049627803266048e+01
2.004114000000000487e+03 6.348049627803266048e+01
2.005418999999999869e+03 6.347049627825617790e+01
2.005421000000000276e+03 6.347049627825617790e+01
2.007953999999999724e+03 6.358049627859145403e+01
2.007953999999999724e+03 6.358049627859145403e+01
2.010244999999999891e+03 6.370049627870321274e+01
2.011546000000000276e+03 6.367049627844244242e+01
2.012832000000000335e+03 6.370049627870321274e+01
2.014118000000000393e+03 6.350049627851694822e+01
2.015230999999999767e+03 6.356049627810716629e+01
2.016484000000000378e+03 6.373049627803266048e+01
2.017756000000000313e+03 6.388049627840518951e+01
2.018993999999999687e+03 6.404049627855420113e+01
2.020247000000000298e+03 6.392049627844244242e+01
2.021798999999999978e+03 6.397049627825617790e+01
2.021798999999999978e+03 6.397049627825617790e+01
2.023070999999999913e+03 6.414049627818167210e+01
2.023070999999999913e+03 6.414049627818167210e+01
2.024091000000000349e+03 6.431049627810716629e+01
2.025436999999999898e+03 6.422049627825617790e+01
2.026677999999999884e+03 6.354049627855420113e+01
2.027916000000000167e+03 6.334049627836793661e+01
2.029201000000000022e+03 6.322049627825617790e+01
2.030518000000000029e+03 6.341049627866595984e+01
2.031836000000000240e+03 6.381049627810716629e+01
2.033122000000000298e+03 6.445049627870321274e+01
2.034203999999999724e+03 6.483049627859145403e+01
2.035489000000000487e+03 6.545049627870321274e+01
2.036979000000000269e+03 6.546049627847969532e+01
2.038045000000000073e+03 6.544049627799540758e+01
2.039565999999999804e+03 6.549049627874046564e+01
2.040617000000000189e+03 6.554049627855420113e+01
2.041932999999999993e+03 6.566049627866595984e+01
2.044693000000000211e+03 6.598049627803266048e+01
2.044693000000000211e+03 6.598049627803266048e+01
2.045730000000000473e+03 6.612049627862870693e+01
2.047266999999999825e+03 6.578049627877771854e+01
2.047270000000000437e+03 6.578049627877771854e+01
2.048315999999999804e+03 6.595049627870321274e+01
2.051154000000000451e+03 6.614049627818167210e+01
2.051154000000000451e+03 6.614049627818167210e+01
2.052189000000000306e+03 6.648049627803266048e+01
2.054994999999999891e+03 6.652049627806991339e+01
2.054994999999999891e+03 6.652049627806991339e+01
2.056015000000000327e+03 6.662049627862870693e+01
2.058837000000000444e+03 6.731049627810716629e+01
2.058837000000000444e+03 6.731049627810716629e+01
2.061423999999999978e+03 6.752049627806991339e+01
2.061423999999999978e+03 6.752049627806991339e+01
2.063931999999999789e+03 6.692049627844244242e+01
2.065186999999999898e+03 6.678049627877771854e+01
2.066693000000000211e+03 6.642049627844244242e+01
2.066693000000000211e+03 6.642049627844244242e+01
2.067712000000000444e+03 6.606049627810716629e+01
2.068840000000000146e+03 6.580049627833068371e+01
2.070363000000000284e+03 6.551049627829343081e+01
2.070363000000000284e+03 6.551049627829343081e+01
2.072730000000000473e+03 6.422049627825617790e+01
2.073828000000000429e+03 6.374049627874046564e+01
2.075082000000000335e+03 6.280049627833068371e+01
2.077858000000000175e+03 6.262049627862870693e+01
2.078922999999999774e+03 6.177049627806991339e+01
2.080179000000000087e+03 6.140049627795815468e+01
2.081681999999999789e+03 6.154049627855420113e+01
2.081681999999999789e+03 6.154049627855420113e+01
2.082702000000000226e+03 6.093049627821892500e+01
2.083957000000000335e+03 6.090049627795815468e+01
2.086529000000000451e+03 6.073049627803266048e+01
2.087860999999999876e+03 6.092049627844244242e+01
2.089177999999999884e+03 6.136049627885222435e+01
2.090479000000000269e+03 6.213049627840518951e+01
2.091796000000000276e+03 6.297049627825617790e+01
2.092815000000000509e+03 6.357049627881497145e+01
2.094087000000000444e+03 6.356049627810716629e+01
2.095417999999999665e+03 6.363049627840518951e+01
2.096690000000000509e+03 6.347049627825617790e+01
2.097989999999999782e+03 6.350049627851694822e+01
2.099104000000000269e+03 6.337049627862870693e+01
2.100577000000000226e+03 6.388049627840518951e+01
2.101707000000000335e+03 6.436049627885222435e+01
2.103180000000000291e+03 6.480049627833068371e+01
2.103180000000000291e+03 6.480049627833068371e+01
2.104434000000000196e+03 6.529049627855420113e+01
2.105532000000000153e+03 6.576049627829343081e+01
2.106944000000000415e+03 6.612049627862870693e+01
2.108072000000000116e+03 6.667049627844244242e+01
2.109532000000000153e+03 6.717049627844244242e+01
2.110613000000000284e+03 6.778049627877771854e+01
2.111867000000000189e+03 6.824049627874046564e+01
2.113404000000000451e+03 6.883049627859145403e+01
2.113404000000000451e+03 6.883049627859145403e+01
2.115944000000000415e+03 6.958049627859145403e+01
2.117010000000000218e+03 7.028049627877771854e+01
2.118328000000000429e+03 7.082049627881497145e+01
2.119614000000000487e+03 7.128049627877771854e+01
2.120884000000000015e+03 7.175049627851694822e+01
2.122154000000000451e+03 7.182049627881497145e+01
2.123454999999999927e+03 7.247049627825617790e+01
2.124537000000000262e+03 7.273049627803266048e+01
2.125824000000000524e+03 7.340049627795815468e+01
2.127123999999999796e+03 7.458049627859145403e+01
2.128377999999999702e+03 7.515049627795815468e+01
2.129618000000000393e+03 7.608049627859145403e+01
2.130918999999999869e+03 7.716049627866595984e+01
2.132393000000000029e+03 7.824049627874046564e+01
2.133506000000000313e+03 7.922049627825617790e+01
2.134744999999999891e+03 8.024049627874046564e+01
2.136015000000000327e+03 8.136049627885222435e+01
2.137331000000000131e+03 8.265049627795815468e+01
2.138775000000000546e+03 8.378049627877771854e+01
2.139855999999999767e+03 8.478049627877771854e+01
2.141110999999999876e+03 8.512049627862870693e+01
2.142600000000000364e+03 8.640049627795815468e+01
2.143667000000000371e+03 8.719049627799540758e+01
2.145125000000000000e+03 8.727049627806991339e+01
2.146190999999999804e+03 8.795049627870321274e+01
2.148935000000000400e+03 8.886049627885222435e+01
2.150190000000000509e+03 8.934049627836793661e+01
2.151444000000000415e+03 8.952049627806991339e+01
2.152527000000000044e+03 8.951049627829343081e+01
2.153796000000000276e+03 8.960049627814441919e+01
2.155317000000000007e+03 8.939049627818167210e+01
2.155317000000000007e+03 8.939049627818167210e+01
2.156319999999999709e+03 8.942049627844244242e+01
2.157858000000000175e+03 8.961049627885222435e+01
2.158970000000000255e+03 8.957049627881497145e+01
2.160444999999999709e+03 8.964049627818167210e+01
2.161525999999999840e+03 8.975049627851694822e+01
2.162733000000000175e+03 8.958049627859145403e+01
2.164192000000000007e+03 8.947049627825617790e+01
2.165462999999999738e+03 8.947049627825617790e+01
2.166779000000000451e+03 8.966049627866595984e+01
2.167891999999999825e+03 8.940049627795815468e+01
2.169319999999999709e+03 8.931049627810716629e+01
2.170402000000000044e+03 8.918049627821892500e+01
2.171859999999999673e+03 8.896049627847969532e+01
2.173005000000000109e+03 8.898049627803266048e+01
2.174226999999999862e+03 8.913049627840518951e+01
2.175480999999999767e+03 8.910049627814441919e+01
2.176768000000000029e+03 8.881049627810716629e+01
2.178021999999999935e+03 8.861049627885222435e+01
2.179557999999999993e+03 8.836049627885222435e+01
2.179557999999999993e+03 8.836049627885222435e+01
2.180561999999999898e+03 8.809049627836793661e+01
2.181815999999999804e+03 8.783049627859145403e+01
2.183353000000000065e+03 8.755049627833068371e+01
2.184358000000000175e+03 8.740049627795815468e+01
2.185862000000000080e+03 8.750049627851694822e+01
2.186975000000000364e+03 8.750049627851694822e+01
2.188269000000000233e+03 8.745049627870321274e+01
2.189688000000000102e+03 8.748049627803266048e+01
2.190753999999999905e+03 8.730049627833068371e+01
2.192260000000000218e+03 8.749049627874046564e+01
2.193546000000000276e+03 8.741049627866595984e+01
2.194627999999999702e+03 8.744049627799540758e+01
2.195896999999999935e+03 8.736049627885222435e+01
2.197136000000000422e+03 8.715049627795815468e+01
2.198469000000000051e+03 8.714049627818167210e+01
2.199659999999999854e+03 8.702049627806991339e+01
2.200945999999999913e+03 8.700049627851694822e+01
2.202483000000000175e+03 8.732049627881497145e+01
2.202483000000000175e+03 8.732049627881497145e+01
2.203484999999999673e+03 8.708049627859145403e+01
2.204757000000000517e+03 8.734049627836793661e+01
2.206041000000000167e+03 8.700049627851694822e+01
2.207563000000000102e+03 8.712049627862870693e+01
2.207563000000000102e+03 8.712049627862870693e+01
2.209914999999999964e+03 8.732049627881497145e+01
2.211185999999999694e+03 8.743049627821892500e+01
2.214023000000000138e+03 8.764049627818167210e+01
2.214023000000000138e+03 8.764049627818167210e+01
2.216564000000000306e+03 8.798049627803266048e+01
2.216564000000000306e+03 8.798049627803266048e+01
2.220170000000000073e+03 8.874049627874046564e+01
2.221440999999999804e+03 8.894049627799540758e+01
2.222743000000000393e+03 8.884049627836793661e+01
2.224324999999999818e+03 8.904049627855420113e+01
2.224324999999999818e+03 8.904049627855420113e+01
2.225172000000000480e+03 8.895049627870321274e+01
2.226426999999999680e+03 8.911049627885222435e+01
2.227681000000000495e+03 8.919049627799540758e+01
2.228983000000000175e+03 8.899049627874046564e+01
2.231837000000000444e+03 8.900049627851694822e+01
2.231837000000000444e+03 8.900049627851694822e+01
2.232871000000000095e+03 8.889049627818167210e+01
2.235724000000000160e+03 8.875049627851694822e+01
2.235724000000000160e+03 8.875049627851694822e+01
2.236775000000000546e+03 8.843049627821892500e+01
2.239565999999999804e+03 8.788049627840518951e+01
2.239565999999999804e+03 8.788049627840518951e+01
2.240569999999999709e+03 8.793049627821892500e+01
2.242091000000000349e+03 8.799049627874046564e+01
2.243189000000000306e+03 8.817049627844244242e+01
2.244426999999999680e+03 8.808049627859145403e+01
2.245715000000000146e+03 8.820049627870321274e+01
2.247280999999999949e+03 8.810049627814441919e+01
2.247280999999999949e+03 8.810049627814441919e+01
2.248318000000000211e+03 8.790049627795815468e+01
2.249632999999999811e+03 8.776049627829343081e+01
2.250920000000000073e+03 8.746049627847969532e+01
2.252440000000000509e+03 8.750049627851694822e+01
2.252440000000000509e+03 8.750049627851694822e+01
2.253492000000000189e+03 8.721049627847969532e+01
2.254572000000000116e+03 8.733049627859145403e+01
2.256060999999999694e+03 8.738049627840518951e+01
2.257208000000000538e+03 8.750049627851694822e+01
2.258431000000000495e+03 8.742049627844244242e+01
2.259935999999999694e+03 8.758049627859145403e+01
2.261050000000000182e+03 8.782049627881497145e+01
2.262523000000000138e+03 8.806049627810716629e+01
2.263621000000000095e+03 8.826049627829343081e+01
2.264921000000000276e+03 8.834049627836793661e+01
2.266159999999999854e+03 8.836049627885222435e+01
2.267430000000000291e+03 8.835049627814441919e+01
2.268699999999999818e+03 8.832049627881497145e+01
2.270252000000000407e+03 8.853049627877771854e+01
2.270252000000000407e+03 8.853049627877771854e+01
2.272806999999999789e+03 8.862049627862870693e+01
2.272806999999999789e+03 8.862049627862870693e+01
2.273890000000000327e+03 8.886049627885222435e+01
2.275163000000000466e+03 8.916049627866595984e+01
2.276650000000000546e+03 8.936049627885222435e+01
2.277762999999999920e+03 8.928049627877771854e+01
2.279190999999999804e+03 8.906049627810716629e+01
2.280240999999999985e+03 8.917049627844244242e+01
2.281542000000000371e+03 8.927049627806991339e+01
2.282782000000000153e+03 8.898049627803266048e+01
2.284051000000000386e+03 8.904049627855420113e+01
2.285322000000000116e+03 8.910049627814441919e+01
2.286606999999999971e+03 8.919049627799540758e+01
2.287940999999999804e+03 8.904049627855420113e+01
2.289240999999999985e+03 8.938049627840518951e+01
2.290340000000000146e+03 8.980049627833068371e+01
2.291623999999999796e+03 8.958049627859145403e+01
2.292880000000000109e+03 8.982049627881497145e+01
2.294180000000000291e+03 9.007049627881497145e+01
2.296798999999999978e+03 9.039049627818167210e+01
2.298257999999999811e+03 9.078049627877771854e+01
2.299355000000000473e+03 9.090049627795815468e+01
2.300641999999999825e+03 9.108049627859145403e+01
2.301911000000000058e+03 9.144049627799540758e+01
2.303181000000000495e+03 9.192049627844244242e+01
2.304623999999999796e+03 9.190049627795815468e+01
2.305940999999999804e+03 9.227049627806991339e+01
2.306961000000000240e+03 9.220049627870321274e+01
2.308480999999999767e+03 9.263049627840518951e+01
2.308480999999999767e+03 9.263049627840518951e+01
2.309563000000000102e+03 9.282049627881497145e+01
2.310801999999999680e+03 9.324049627874046564e+01
2.312025999999999840e+03 9.336049627885222435e+01
2.313529999999999745e+03 9.365049627795815468e+01
2.314784999999999854e+03 9.391049627866595984e+01
2.316039999999999964e+03 9.408049627859145403e+01
2.317137999999999920e+03 9.402049627806991339e+01
2.318469000000000051e+03 9.404049627855420113e+01
2.319927999999999884e+03 9.408049627859145403e+01
2.320962999999999738e+03 9.416049627866595984e+01
2.323581000000000131e+03 9.415049627795815468e+01
2.324867000000000189e+03 9.416049627866595984e+01
2.326154000000000451e+03 9.421049627847969532e+01
2.327422999999999774e+03 9.426049627829343081e+01
2.328990999999999985e+03 9.448049627803266048e+01
2.328990999999999985e+03 9.448049627803266048e+01
2.330025999999999840e+03 9.464049627818167210e+01
2.331123000000000502e+03 9.495049627870321274e+01
2.332613000000000284e+03 9.472049627825617790e+01
2.332613000000000284e+03 9.472049627825617790e+01
2.333648000000000138e+03 9.506049627810716629e+01
2.335184000000000196e+03 9.519049627799540758e+01
2.335184000000000196e+03 9.519049627799540758e+01
2.336204999999999927e+03 9.536049627885222435e+01
2.338789999999999964e+03 9.556049627810716629e+01
2.340310999999999694e+03 9.527049627806991339e+01
2.341421000000000276e+03 9.558049627859145403e+01
2.342618000000000393e+03 9.596049627847969532e+01
2.343917999999999665e+03 9.613049627840518951e+01
2.345172999999999774e+03 9.618049627821892500e+01
2.346694999999999709e+03 9.645049627870321274e+01
2.346695999999999913e+03 9.645049627870321274e+01
2.347759000000000015e+03 9.660049627814441919e+01
2.349234000000000378e+03 9.661049627885222435e+01
2.349234000000000378e+03 9.661049627885222435e+01
2.350331000000000131e+03 9.664049627818167210e+01
2.351570999999999913e+03 9.670049627870321274e+01
2.353061999999999898e+03 9.678049627877771854e+01
2.354154999999999745e+03 9.648049627803266048e+01
2.355599000000000160e+03 9.684049627836793661e+01
2.356667000000000371e+03 9.716049627866595984e+01
2.357952000000000226e+03 9.692049627844244242e+01
2.359252999999999702e+03 9.681049627810716629e+01
2.360507000000000517e+03 9.699049627874046564e+01
2.361778000000000247e+03 9.714049627818167210e+01
2.363064000000000306e+03 9.721049627847969532e+01
2.364349000000000160e+03 9.734049627836793661e+01
2.365431000000000495e+03 9.727049627806991339e+01
2.366716000000000349e+03 9.712049627862870693e+01
2.368002999999999702e+03 9.720049627870321274e+01
2.369257000000000517e+03 9.719049627799540758e+01
2.374681999999999789e+03 9.690049627795815468e+01
2.374681999999999789e+03 9.690049627795815468e+01
2.375685999999999694e+03 9.686049627885222435e+01
2.376940999999999804e+03 9.702049627806991339e+01
2.378445999999999913e+03 9.708049627859145403e+01
2.380798999999999978e+03 9.699049627874046564e+01
2.383573000000000320e+03 9.680049627833068371e+01
2.384702000000000226e+03 9.678049627877771854e+01
2.386114000000000487e+03 9.685049627814441919e+01
2.387384000000000015e+03 9.682049627881497145e+01
2.388466000000000349e+03 9.681049627810716629e+01
2.389940000000000509e+03 9.674049627874046564e+01
2.391083999999999833e+03 9.636049627885222435e+01
2.392525999999999840e+03 9.616049627866595984e+01
2.393623999999999796e+03 9.608049627859145403e+01
2.394863000000000284e+03 9.577049627806991339e+01
2.396181000000000495e+03 9.577049627806991339e+01
2.397498000000000502e+03 9.535049627814441919e+01
2.398815000000000509e+03 9.519049627799540758e+01
2.399929000000000087e+03 9.484049627836793661e+01
2.401181999999999789e+03 9.465049627795815468e+01
2.402686999999999898e+03 9.446049627847969532e+01
2.402686999999999898e+03 9.446049627847969532e+01
2.403721999999999753e+03 9.446049627847969532e+01
2.405054000000000087e+03 9.423049627803266048e+01
2.406610999999999876e+03 9.396049627847969532e+01
2.406614000000000487e+03 9.396049627847969532e+01
2.407641999999999825e+03 9.379049627855420113e+01
2.408753999999999905e+03 9.345049627870321274e+01
2.410041000000000167e+03 9.336049627885222435e+01
2.411530999999999949e+03 9.326049627829343081e+01
2.412849000000000160e+03 9.299049627874046564e+01
2.413898000000000138e+03 9.308049627859145403e+01
2.415435999999999694e+03 9.326049627829343081e+01
2.415435999999999694e+03 9.326049627829343081e+01
2.416516999999999825e+03 9.320049627870321274e+01
2.417944000000000415e+03 9.310049627814441919e+01
2.419056999999999789e+03 9.300049627851694822e+01
2.420280999999999949e+03 9.279049627855420113e+01
2.421567000000000007e+03 9.272049627825617790e+01
2.422788999999999760e+03 9.264049627818167210e+01
2.424122000000000298e+03 9.257049627881497145e+01
2.425565000000000509e+03 9.230049627833068371e+01
2.426614999999999782e+03 9.221049627847969532e+01
2.428105000000000473e+03 9.205049627833068371e+01
2.429172999999999774e+03 9.210049627814441919e+01
2.430409999999999854e+03 9.230049627833068371e+01
2.431697000000000116e+03 9.241049627866595984e+01
2.432997000000000298e+03 9.215049627795815468e+01
2.434284999999999854e+03 9.208049627859145403e+01
2.437105999999999767e+03 9.235049627814441919e+01
2.437105999999999767e+03 9.235049627814441919e+01
2.438109000000000378e+03 9.246049627847969532e+01
2.439426000000000386e+03 9.234049627836793661e+01
2.440931000000000495e+03 9.167049627844244242e+01
2.440931000000000495e+03 9.167049627844244242e+01
2.443203999999999724e+03 9.093049627821892500e+01
2.447094000000000051e+03 9.090049627795815468e+01
2.449931999999999789e+03 9.016049627866595984e+01
2.449931999999999789e+03 9.016049627866595984e+01
2.451185999999999694e+03 9.028049627877771854e+01
2.452269000000000233e+03 9.024049627874046564e+01
2.453507000000000517e+03 9.010049627814441919e+01
2.454832000000000335e+03 9.006049627810716629e+01
2.456265000000000327e+03 9.008049627859145403e+01
2.457333000000000538e+03 8.974049627874046564e+01
2.458806999999999789e+03 8.971049627847969532e+01
2.460060999999999694e+03 8.967049627844244242e+01
2.461112000000000080e+03 8.975049627851694822e+01
2.462382999999999811e+03 8.981049627810716629e+01
2.463699000000000524e+03 8.971049627847969532e+01
2.465189000000000306e+03 8.976049627829343081e+01
2.466270999999999731e+03 8.978049627877771854e+01
2.467507999999999811e+03 8.980049627833068371e+01
2.468826000000000022e+03 8.951049627829343081e+01
2.470065000000000509e+03 8.941049627866595984e+01
2.472667999999999665e+03 8.944049627799540758e+01
2.474190000000000509e+03 8.924049627874046564e+01
2.474190000000000509e+03 8.924049627874046564e+01
2.475270000000000437e+03 8.920049627870321274e+01
2.476538999999999760e+03 8.931049627810716629e+01
2.477796000000000276e+03 8.938049627840518951e+01
2.479048999999999978e+03 8.898049627803266048e+01
2.480302999999999884e+03 8.868049627821892500e+01
2.481856999999999971e+03 8.869049627799540758e+01
2.481858000000000175e+03 8.869049627799540758e+01
2.484162000000000262e+03 8.816049627866595984e+01
2.485431000000000495e+03 8.822049627825617790e+01
2.486936999999999898e+03 8.832049627881497145e+01
2.488002999999999702e+03 8.826049627829343081e+01
2.489445999999999913e+03 8.832049627881497145e+01
2.491828999999999724e+03 8.820049627870321274e+01
2.493115999999999985e+03 8.794049627799540758e+01
2.495686999999999898e+03 8.756049627810716629e+01
2.496988000000000284e+03 8.750049627851694822e+01
2.498274000000000342e+03 8.758049627859145403e+01
2.499368999999999687e+03 8.725049627851694822e+01
2.500688000000000102e+03 8.729049627855420113e+01
2.501994999999999891e+03 8.732049627881497145e+01
2.503432999999999993e+03 8.740049627795815468e+01
2.504546000000000276e+03 8.776049627829343081e+01
2.506020999999999731e+03 8.844049627799540758e+01
2.506020999999999731e+03 8.844049627799540758e+01
2.507319999999999709e+03 8.842049627844244242e+01
2.507322000000000116e+03 8.842049627844244242e+01
2.508404999999999745e+03 8.844049627799540758e+01
2.509610999999999876e+03 8.814049627818167210e+01
2.510895999999999731e+03 8.830049627833068371e+01
2.512355000000000473e+03 8.860049627814441919e+01
2.513452000000000226e+03 8.861049627885222435e+01
2.514690000000000509e+03 8.856049627810716629e+01
2.516212000000000444e+03 8.846049627847969532e+01
2.517309000000000196e+03 8.818049627821892500e+01
2.518768000000000029e+03 8.814049627818167210e+01
2.519864999999999782e+03 8.826049627829343081e+01
2.521181999999999789e+03 8.833049627859145403e+01
2.522404999999999745e+03 8.835049627814441919e+01
2.523658999999999651e+03 8.830049627833068371e+01
2.525163999999999760e+03 8.832049627881497145e+01
2.526279000000000451e+03 8.814049627818167210e+01
2.527516999999999825e+03 8.809049627836793661e+01
2.528850000000000364e+03 8.819049627799540758e+01
2.530121000000000095e+03 8.842049627844244242e+01
2.531375000000000000e+03 8.835049627814441919e+01
2.532833000000000538e+03 8.844049627799540758e+01
2.534104000000000269e+03 8.860049627814441919e+01
2.535153000000000247e+03 8.849049627874046564e+01
2.537773000000000138e+03 8.860049627814441919e+01
2.539309000000000196e+03 8.848049627803266048e+01
2.539309000000000196e+03 8.848049627803266048e+01
2.541926999999999680e+03 8.820049627870321274e+01
2.541926999999999680e+03 8.820049627870321274e+01
2.545534999999999854e+03 8.804049627855420113e+01
2.547042000000000371e+03 8.802049627806991339e+01
2.547045000000000073e+03 8.802049627806991339e+01
2.549563000000000102e+03 8.806049627810716629e+01
2.549563000000000102e+03 8.806049627810716629e+01
2.550692000000000007e+03 8.800049627851694822e+01
2.552056999999999789e+03 8.808049627859145403e+01
2.553108000000000175e+03 8.774049627874046564e+01
2.554458000000000538e+03 8.788049627840518951e+01
2.555913999999999760e+03 8.788049627840518951e+01
2.557028000000000247e+03 8.802049627806991339e+01
2.558485999999999876e+03 8.780049627833068371e+01
2.559599000000000160e+03 8.786049627885222435e+01
2.560869999999999891e+03 8.776049627829343081e+01
2.562078000000000429e+03 8.742049627844244242e+01
2.563440000000000509e+03 8.733049627859145403e+01
2.564868000000000393e+03 8.698049627803266048e+01
2.565917999999999665e+03 8.691049627866595984e+01
2.567487000000000080e+03 8.694049627799540758e+01
2.567487000000000080e+03 8.694049627799540758e+01
2.570057999999999993e+03 8.672049627825617790e+01
2.570057999999999993e+03 8.672049627825617790e+01
2.571154999999999745e+03 8.658049627859145403e+01
2.572377999999999702e+03 8.632049627881497145e+01
2.573884000000000015e+03 8.639049627818167210e+01
2.574980999999999767e+03 8.626049627829343081e+01
2.576454999999999927e+03 8.613049627840518951e+01
2.577756000000000313e+03 8.612049627862870693e+01
2.577756000000000313e+03 8.612049627862870693e+01
2.580061999999999898e+03 8.618049627821892500e+01
2.582916000000000167e+03 8.661049627885222435e+01
2.582916000000000167e+03 8.661049627885222435e+01
2.584012999999999920e+03 8.613049627840518951e+01
2.585440000000000509e+03 8.622049627825617790e+01
2.586521999999999935e+03 8.648049627803266048e+01
2.588028000000000247e+03 8.623049627803266048e+01
2.589109000000000378e+03 8.620049627870321274e+01
2.590364000000000487e+03 8.621049627847969532e+01
2.591601999999999862e+03 8.628049627877771854e+01
2.592873000000000502e+03 8.628049627877771854e+01
2.594216999999999643e+03 8.622049627825617790e+01
2.595617000000000189e+03 8.576049627829343081e+01
2.596746000000000095e+03 8.583049627859145403e+01
2.598220000000000255e+03 8.622049627825617790e+01
2.599301999999999680e+03 8.649049627874046564e+01
2.600608000000000175e+03 8.567049627844244242e+01
2.601890000000000327e+03 8.594049627799540758e+01
2.603110999999999876e+03 8.584049627836793661e+01
2.604570999999999913e+03 8.496049627847969532e+01
2.605838999999999942e+03 8.475049627851694822e+01
2.606952000000000226e+03 8.448049627803266048e+01
2.608161000000000058e+03 8.365049627795815468e+01
2.609524000000000342e+03 8.331049627810716629e+01
2.610935999999999694e+03 8.284049627836793661e+01
2.611987000000000080e+03 8.213049627840518951e+01
2.613444999999999709e+03 8.167049627844244242e+01
2.614746000000000095e+03 8.095049627870321274e+01
2.615811999999999898e+03 8.025049627851694822e+01
2.617287000000000262e+03 7.974049627874046564e+01
2.618351999999999862e+03 7.906049627810716629e+01
2.619622000000000298e+03 7.841049627866595984e+01
2.621158000000000357e+03 7.768049627821892500e+01
2.622271999999999935e+03 7.710049627814441919e+01
2.623715000000000146e+03 7.650049627851694822e+01
2.625016999999999825e+03 7.606049627810716629e+01
2.627587000000000444e+03 7.480049627833068371e+01
2.630143000000000029e+03 7.324049627874046564e+01
2.630143000000000029e+03 7.324049627874046564e+01
2.632699000000000524e+03 7.192049627844244242e+01
2.632699000000000524e+03 7.192049627844244242e+01
2.633797000000000480e+03 7.068049627821892500e+01
2.635286000000000058e+03 7.010049627814441919e+01
2.636556000000000495e+03 6.949049627874046564e+01
2.637623000000000502e+03 6.800049627851694822e+01
2.638878999999999905e+03 6.733049627859145403e+01
2.640163999999999760e+03 6.678049627877771854e+01
