7.835380000000000109e+02 -5.834588089330406291e+00
7.848400000000001455e+02 -6.221588089330536420e+00
7.861570000000001528e+02 -6.281588089330179869e+00
7.874529999999999745e+02 -6.308588089329846049e+00
7.887280000000000655e+02 -8.414588089329829046e+00
7.900439999999998690e+02 -8.374588089330066154e+00
7.912840000000001055e+02 -8.728588089330219901e+00
7.925540000000000873e+02 -1.023458808933029651e+01
7.938369999999999891e+02 -8.094588089329993963e+00
7.951410000000000764e+02 -8.114588089329876297e+00
7.964110000000000582e+02 -8.154588089330506051e+00
7.978530000000000655e+02 -8.928588089329899447e+00
7.989510000000000218e+02 -8.614588089330375453e+00
8.002220000000002074e+02 -8.494588089330221692e+00
8.015060000000003129e+02 -9.928588089330030897e+00
8.027919999999999163e+02 -1.143458808933010751e+01
8.041100000000001273e+02 -1.146858808933042617e+01
8.054270000000001346e+02 -1.118858808933035576e+01
8.066820000000002437e+02 -1.112858808932984367e+01
8.077800000000002001e+02 -1.105458808933063075e+01
8.091120000000000800e+02 -1.012158808932992571e+01
8.103360000000002401e+02 -1.098158808933002284e+01
8.116990000000000691e+02 -9.621588089330293414e+00
8.129390000000003056e+02 -9.841588089329853517e+00
8.142400000000002365e+02 -1.034858808933013918e+01
8.155410000000001673e+02 -8.228588089330585831e+00
8.168110000000001492e+02 -6.014588089330204390e+00
8.183160000000002583e+02 -8.794588089330174441e+00
8.183160000000002583e+02 -8.794588089330174441e+00
8.193670000000001892e+02 -8.441588089330362976e+00
8.206680000000001201e+02 -9.368588089329888291e+00
8.217660000000000764e+02 -8.541588089330636180e+00
8.230030000000001564e+02 -6.588588089329918240e+00
8.244310000000000400e+02 -6.968588089330262747e+00
8.255450000000000728e+02 -6.061588089330618878e+00
8.268470000000002074e+02 -7.334588089330170924e+00
8.280999999999999091e+02 -9.488588089330042052e+00
8.293870000000001710e+02 -9.081588089330031366e+00
8.306880000000001019e+02 -9.014588089330603182e+00
8.321770000000001346e+02 -1.087458808932996490e+01
8.332760000000002947e+02 -1.098158808933002284e+01
8.345439999999998690e+02 -1.083458808933020201e+01
8.358310000000001310e+02 -1.116858808933047342e+01
8.370850000000000364e+02 -1.100858808933055677e+01
8.383720000000002983e+02 -1.093458808933047521e+01
8.396410000000000764e+02 -1.080158808933022385e+01
8.409110000000000582e+02 -1.072158808932983298e+01
