1.584494999999999891e+03 -6.220935483649373055e+01
1.585766999999999825e+03 -6.198935483768582344e+01
1.587051999999999680e+03 -6.177935483679175377e+01
1.588338999999999942e+03 -6.207935483753681183e+01
1.591193000000000211e+03 -6.284935483708977699e+01
1.591193000000000211e+03 -6.284935483708977699e+01
1.592211000000000240e+03 -6.261935483664274216e+01
1.593511999999999716e+03 -6.260935483686625957e+01
1.594814000000000306e+03 -6.229935483634471893e+01
1.596100000000000364e+03 -6.222935483604669571e+01
1.597181999999999789e+03 -6.271935483627021313e+01
1.598671000000000276e+03 -6.240935483761131763e+01
1.599721999999999753e+03 -6.226935483701527119e+01
1.601037000000000262e+03 -6.237935483641922474e+01
1.602310000000000400e+03 -6.202935483679175377e+01
1.603578000000000429e+03 -6.186935483664274216e+01
1.605115999999999985e+03 -6.219935483671724796e+01
1.605115999999999985e+03 -6.219935483671724796e+01
1.606135000000000218e+03 -6.281935483776032925e+01
1.607657000000000153e+03 -6.234935483708977699e+01
1.607657000000000153e+03 -6.234935483708977699e+01
1.608690999999999804e+03 -6.224935483746230602e+01
1.609992000000000189e+03 -6.190935483761131763e+01
1.611278000000000247e+03 -6.165935483761131763e+01
1.612595000000000255e+03 -6.182935483753681183e+01
1.613692000000000007e+03 -6.201935483701527119e+01
1.614980000000000473e+03 -6.161935483664274216e+01
1.616248000000000502e+03 -6.248935483768582344e+01
1.617550000000000182e+03 -6.251935483701527119e+01
1.618788000000000466e+03 -6.201935483701527119e+01
1.620088999999999942e+03 -6.160935483686625957e+01
1.621345000000000255e+03 -6.152935483679175377e+01
1.622645000000000437e+03 -6.143935483694076538e+01
1.623931999999999789e+03 -6.136935483664274216e+01
1.626488000000000284e+03 -6.141935483738780022e+01
1.627789999999999964e+03 -6.135935483686625957e+01
1.629074999999999818e+03 -6.122935483604669571e+01
1.630346000000000458e+03 -6.136935483664274216e+01
1.631645999999999731e+03 -6.172935483604669571e+01
1.632712000000000444e+03 -6.176935483701527119e+01
1.633984000000000378e+03 -6.154935483634471893e+01
1.635268000000000029e+03 -6.172935483604669571e+01
1.636539999999999964e+03 -6.163935483619570732e+01
1.638059000000000196e+03 -6.159935483708977699e+01
1.638059000000000196e+03 -6.159935483708977699e+01
1.639109999999999673e+03 -6.175935483723878860e+01
1.640662000000000262e+03 -6.204935483634471893e+01
1.640662000000000262e+03 -6.204935483634471893e+01
1.641713999999999942e+03 -6.271935483627021313e+01
1.642984000000000378e+03 -6.261935483664274216e+01
1.644284999999999854e+03 -6.179935483634471893e+01
1.645398000000000138e+03 -6.116935483738780022e+01
1.646886999999999716e+03 -6.088935483619570732e+01
1.647936999999999898e+03 -6.158935483731329441e+01
1.649239999999999782e+03 -6.136935483664274216e+01
1.650525000000000546e+03 -6.150935483723878860e+01
1.651841999999999643e+03 -6.138935483619570732e+01
1.653127000000000407e+03 -6.064935483783483505e+01
1.654257999999999811e+03 -6.023935483768582344e+01
1.655511999999999716e+03 -6.002935483679175377e+01
1.656783000000000357e+03 -5.983935483731329441e+01
1.658083999999999833e+03 -5.989935483783483505e+01
1.659353000000000065e+03 -5.967935483716428280e+01
1.660655999999999949e+03 -5.948935483768582344e+01
1.661940000000000509e+03 -5.919935483671724796e+01
1.663431000000000495e+03 -5.887935483641922474e+01
1.663431000000000495e+03 -5.887935483641922474e+01
1.665737000000000080e+03 -5.893935483694076538e+01
1.666818000000000211e+03 -5.888935483619570732e+01
1.668309000000000196e+03 -5.867935483716428280e+01
1.669368000000000393e+03 -5.859935483708977699e+01
1.670863000000000284e+03 -5.833935483731329441e+01
1.671958999999999833e+03 -5.845935483649373055e+01
1.673168999999999869e+03 -5.867935483716428280e+01
1.674689000000000306e+03 -5.876935483701527119e+01
1.675707000000000335e+03 -5.883935483731329441e+01
1.677259000000000015e+03 -5.854935483634471893e+01
1.677259000000000015e+03 -5.854935483634471893e+01
1.678295000000000073e+03 -5.860935483686625957e+01
1.679815000000000509e+03 -5.756935483776032925e+01
1.679815000000000509e+03 -5.756935483776032925e+01
1.680835000000000036e+03 -5.713935483619570732e+01
1.682403000000000247e+03 -5.721935483627021313e+01
1.682403000000000247e+03 -5.721935483627021313e+01
1.683438000000000102e+03 -5.735935483686625957e+01
1.684708000000000538e+03 -5.759935483708977699e+01
1.685994999999999891e+03 -5.782935483753681183e+01
1.687092999999999847e+03 -5.747935483604669571e+01
1.688408000000000357e+03 -5.757935483753681183e+01
1.689632999999999811e+03 -5.779935483634471893e+01
1.690916000000000167e+03 -5.761935483664274216e+01
1.692359999999999673e+03 -5.733935483731329441e+01
1.693426000000000386e+03 -5.676935483701527119e+01
1.694697000000000116e+03 -5.664935483783483505e+01
1.696171000000000276e+03 -5.638935483619570732e+01
1.697283999999999651e+03 -5.617935483716428280e+01
1.698489000000000487e+03 -5.577935483679175377e+01
1.699761999999999716e+03 -5.584935483708977699e+01
1.701061999999999898e+03 -5.568935483694076538e+01
1.702286000000000058e+03 -5.504935483634471893e+01
1.703569999999999709e+03 -5.487935483641922474e+01
1.704826000000000022e+03 -5.451935483701527119e+01
1.706096000000000458e+03 -5.441935483738780022e+01
1.707396999999999935e+03 -5.481935483776032925e+01
1.708934000000000196e+03 -5.476935483701527119e+01
1.708934000000000196e+03 -5.476935483701527119e+01
1.711192000000000007e+03 -5.435935483686625957e+01
1.712697000000000116e+03 -5.432935483753681183e+01
1.712697000000000116e+03 -5.432935483753681183e+01
1.713795000000000073e+03 -5.401935483701527119e+01
1.715252999999999702e+03 -5.379935483634471893e+01
1.716350999999999658e+03 -5.417935483716428280e+01
1.718907000000000153e+03 -5.396935483627021313e+01
1.720222999999999956e+03 -5.404935483634471893e+01
1.721525000000000546e+03 -5.356935483776032925e+01
1.722608000000000175e+03 -5.367935483716428280e+01
1.723862000000000080e+03 -5.335935483686625957e+01
1.725132999999999811e+03 -5.305935483612120152e+01
1.726386000000000422e+03 -5.308935483731329441e+01
1.727688000000000102e+03 -5.280935483612120152e+01
1.729239000000000487e+03 -5.259935483708977699e+01
1.729239000000000487e+03 -5.259935483708977699e+01
1.731796000000000276e+03 -5.201935483701527119e+01
1.731796000000000276e+03 -5.201935483701527119e+01
1.732815999999999804e+03 -5.177935483679175377e+01
1.735619999999999891e+03 -5.142935483716428280e+01
1.735621000000000095e+03 -5.142935483716428280e+01
1.737989999999999782e+03 -5.047935483604669571e+01
1.739305000000000291e+03 -5.062935483641922474e+01
1.740373999999999796e+03 -5.019935483671724796e+01
1.741673999999999978e+03 -5.002935483679175377e+01
1.742944999999999709e+03 -4.988935483619570732e+01
1.744230999999999767e+03 -4.985935483686625957e+01
1.745501000000000204e+03 -5.105935483612120152e+01
1.748356999999999971e+03 -5.072935483604669571e+01
1.748359999999999673e+03 -5.072935483604669571e+01
1.750644000000000233e+03 -5.035935483686625957e+01
1.751958999999999833e+03 -5.018935483694076538e+01
1.753247000000000298e+03 -5.011935483664274216e+01
1.754547000000000480e+03 -5.008935483731329441e+01
1.755708000000000538e+03 -5.000935483723878860e+01
1.757150999999999840e+03 -5.038935483619570732e+01
1.758231999999999971e+03 -5.043935483694076538e+01
1.759469000000000051e+03 -5.031935483776032925e+01
1.760992000000000189e+03 -5.043935483694076538e+01
1.760992000000000189e+03 -5.043935483694076538e+01
1.762027000000000044e+03 -5.044935483671724796e+01
1.763563000000000102e+03 -5.046935483627021313e+01
1.763563000000000102e+03 -5.046935483627021313e+01
1.764599000000000160e+03 -5.048935483768582344e+01
1.766150999999999840e+03 -5.122935483604669571e+01
1.766150999999999840e+03 -5.122935483604669571e+01
1.767186999999999898e+03 -5.068935483694076538e+01
1.768487000000000080e+03 -5.051935483701527119e+01
1.769774000000000342e+03 -5.027935483679175377e+01
1.770840000000000146e+03 -5.067935483716428280e+01
1.772125000000000000e+03 -5.050935483723878860e+01
1.773364999999999782e+03 -5.021935483627021313e+01
1.774650000000000546e+03 -5.074935483746230602e+01
1.775918999999999869e+03 -5.112935483641922474e+01
1.777190999999999804e+03 -5.104935483634471893e+01
1.778458999999999833e+03 -5.103935483656823635e+01
1.779980999999999767e+03 -5.071935483627021313e+01
1.779980999999999767e+03 -5.071935483627021313e+01
1.781047000000000480e+03 -5.101935483701527119e+01
1.782319000000000415e+03 -5.050935483723878860e+01
1.786175000000000182e+03 -5.118935483694076538e+01
1.787398000000000138e+03 -5.132935483753681183e+01
1.788934000000000196e+03 -5.156935483776032925e+01
1.788934000000000196e+03 -5.156935483776032925e+01
1.790188000000000102e+03 -5.187935483641922474e+01
1.791208000000000538e+03 -5.184935483708977699e+01
1.792493999999999687e+03 -5.214935483783483505e+01
1.795034999999999854e+03 -5.192935483716428280e+01
1.797856999999999971e+03 -5.248935483768582344e+01
1.797856999999999971e+03 -5.248935483768582344e+01
1.798860999999999876e+03 -5.383935483731329441e+01
1.800176000000000386e+03 -5.383935483731329441e+01
1.801713999999999942e+03 -5.445935483649373055e+01
1.801713999999999942e+03 -5.445935483649373055e+01
1.802731999999999971e+03 -5.436935483664274216e+01
1.804002000000000407e+03 -5.463935483619570732e+01
1.805117000000000189e+03 -5.475935483723878860e+01
1.806355000000000473e+03 -5.424935483746230602e+01
1.807859999999999673e+03 -5.493935483694076538e+01
1.808943000000000211e+03 -5.413935483619570732e+01
1.810211000000000240e+03 -5.376935483701527119e+01
1.812846000000000458e+03 -5.379935483634471893e+01
1.814149000000000342e+03 -5.342935483716428280e+01
1.815230999999999767e+03 -5.373935483768582344e+01
1.816500000000000000e+03 -5.382935483753681183e+01
1.817833999999999833e+03 -5.359935483708977699e+01
1.819291000000000167e+03 -5.317935483716428280e+01
1.820373000000000502e+03 -5.324935483746230602e+01
1.821832000000000335e+03 -5.296935483627021313e+01
1.822944000000000415e+03 -5.304935483634471893e+01
1.824230999999999767e+03 -5.281935483776032925e+01
1.825470000000000255e+03 -5.290935483761131763e+01
1.827052999999999884e+03 -5.249935483746230602e+01
1.827052999999999884e+03 -5.249935483746230602e+01
1.829373000000000502e+03 -5.230935483612120152e+01
1.830659999999999854e+03 -5.304935483634471893e+01
1.831960000000000036e+03 -5.280935483612120152e+01
1.833042999999999665e+03 -5.286935483664274216e+01
1.834532000000000153e+03 -5.250935483723878860e+01
1.835614000000000487e+03 -5.277935483679175377e+01
1.836917000000000371e+03 -5.291935483738780022e+01
1.838373999999999796e+03 -5.231935483776032925e+01
1.839454999999999927e+03 -5.193935483694076538e+01
1.840695999999999913e+03 -5.290935483761131763e+01
1.843533000000000357e+03 -5.256935483776032925e+01
1.843533000000000357e+03 -5.256935483776032925e+01
1.846105000000000473e+03 -5.310935483686625957e+01
1.846105000000000473e+03 -5.310935483686625957e+01
1.847154000000000451e+03 -5.307935483753681183e+01
1.848456000000000131e+03 -5.288935483619570732e+01
1.849774000000000342e+03 -5.297935483604669571e+01
1.851059000000000196e+03 -5.333935483731329441e+01
1.852109999999999673e+03 -5.325935483723878860e+01
1.853568000000000211e+03 -5.295935483649373055e+01
1.854838999999999942e+03 -5.333935483731329441e+01
1.855904000000000451e+03 -5.304935483634471893e+01
1.857158999999999651e+03 -5.251935483701527119e+01
1.858507000000000517e+03 -5.256935483776032925e+01
1.859935000000000400e+03 -5.206935483776032925e+01
1.860969000000000051e+03 -5.257935483753681183e+01
1.862286000000000058e+03 -5.225935483723878860e+01
1.864856999999999971e+03 -5.234935483708977699e+01
1.866127999999999702e+03 -5.204935483634471893e+01
1.867413999999999760e+03 -5.179935483634471893e+01
1.868699999999999818e+03 -5.166935483738780022e+01
1.869828000000000429e+03 -5.196935483627021313e+01
1.871099000000000160e+03 -5.162935483641922474e+01
1.872384000000000015e+03 -5.136935483664274216e+01
1.873904000000000451e+03 -5.138935483619570732e+01
1.873904000000000451e+03 -5.138935483619570732e+01
1.876195999999999913e+03 -5.164935483783483505e+01
1.878765000000000327e+03 -5.201935483701527119e+01
1.880304000000000087e+03 -5.191935483738780022e+01
1.880304000000000087e+03 -5.191935483738780022e+01
1.881322000000000116e+03 -5.181935483776032925e+01
1.882827000000000226e+03 -5.183935483731329441e+01
1.883925000000000182e+03 -5.216935483738780022e+01
1.885163999999999760e+03 -5.193935483694076538e+01
1.886434000000000196e+03 -5.205935483612120152e+01
1.887671000000000276e+03 -5.228935483656823635e+01
1.888943000000000211e+03 -5.247935483604669571e+01
1.890226999999999862e+03 -5.260935483686625957e+01
1.891734000000000378e+03 -5.179935483634471893e+01
1.892783000000000357e+03 -5.151935483701527119e+01
1.894101999999999862e+03 -5.089935483783483505e+01
1.895605999999999767e+03 -5.065935483761131763e+01
1.895605999999999767e+03 -5.065935483761131763e+01
1.896609999999999673e+03 -5.008935483731329441e+01
1.897896999999999935e+03 -5.004935483634471893e+01
1.899181999999999789e+03 -4.981935483776032925e+01
1.900452000000000226e+03 -4.986935483664274216e+01
1.901784999999999854e+03 -4.964935483783483505e+01
1.903319999999999709e+03 -4.968935483694076538e+01
1.903319999999999709e+03 -4.968935483694076538e+01
1.906864999999999782e+03 -4.932935483753681183e+01
1.908449000000000524e+03 -4.916935483738780022e+01
1.908449000000000524e+03 -4.916935483738780022e+01
1.909516000000000531e+03 -4.858935483731329441e+01
1.910613000000000284e+03 -4.818935483694076538e+01
1.911930000000000291e+03 -4.790935483761131763e+01
1.913167999999999665e+03 -4.789935483783483505e+01
1.914453999999999724e+03 -4.782935483753681183e+01
1.916994999999999891e+03 -4.755935483612120152e+01
1.918532000000000153e+03 -4.772935483604669571e+01
1.918532000000000153e+03 -4.772935483604669571e+01
1.919565999999999804e+03 -4.775935483723878860e+01
1.921132999999999811e+03 -4.805935483612120152e+01
1.921135000000000218e+03 -4.805935483612120152e+01
1.926278000000000247e+03 -4.771935483627021313e+01
1.926278000000000247e+03 -4.771935483627021313e+01
1.927326000000000022e+03 -4.719935483671724796e+01
1.928614000000000487e+03 -4.757935483753681183e+01
1.929913999999999760e+03 -4.746935483627021313e+01
1.931168999999999869e+03 -4.752935483679175377e+01
1.932270000000000437e+03 -4.727935483679175377e+01
1.933740999999999985e+03 -4.718935483694076538e+01
1.934823000000000320e+03 -4.723935483768582344e+01
1.936123999999999796e+03 -4.751935483701527119e+01
1.937346999999999753e+03 -4.830935483612120152e+01
1.938899000000000342e+03 -4.824935483746230602e+01
1.938899000000000342e+03 -4.824935483746230602e+01
1.940185999999999694e+03 -4.839935483783483505e+01
1.940186999999999898e+03 -4.839935483783483505e+01
1.942444999999999709e+03 -4.818935483694076538e+01
1.943743999999999687e+03 -4.837935483641922474e+01
1.945280999999999949e+03 -4.872935483604669571e+01
1.945280999999999949e+03 -4.872935483604669571e+01
1.946331000000000131e+03 -4.853935483656823635e+01
1.948935000000000400e+03 -4.880935483612120152e+01
1.950235999999999876e+03 -4.859935483708977699e+01
1.951554000000000087e+03 -4.844935483671724796e+01
1.952667000000000371e+03 -4.820935483649373055e+01
1.953951000000000022e+03 -4.887935483641922474e+01
1.955426000000000386e+03 -4.903935483656823635e+01
1.956554000000000087e+03 -4.997935483604669571e+01
1.957779000000000451e+03 -5.041935483738780022e+01
1.959283999999999651e+03 -5.025935483723878860e+01
1.959284999999999854e+03 -5.025935483723878860e+01
1.961604000000000269e+03 -5.083935483731329441e+01
1.963172999999999774e+03 -5.063935483619570732e+01
1.963172999999999774e+03 -5.063935483619570732e+01
1.964442000000000007e+03 -5.075935483723878860e+01
1.964442000000000007e+03 -5.075935483723878860e+01
1.965476999999999862e+03 -5.098935483768582344e+01
1.966779000000000451e+03 -5.120935483649373055e+01
1.968048999999999978e+03 -5.127935483679175377e+01
1.970574000000000524e+03 -5.134935483708977699e+01
1.971859000000000378e+03 -5.147935483604669571e+01
1.973113000000000284e+03 -5.215935483761131763e+01
1.974431000000000495e+03 -5.251935483701527119e+01
1.975935999999999694e+03 -5.260935483686625957e+01
1.975935999999999694e+03 -5.260935483686625957e+01
1.978492000000000189e+03 -5.272935483604669571e+01
1.978492000000000189e+03 -5.272935483604669571e+01
1.982364999999999782e+03 -5.163935483619570732e+01
1.982364999999999782e+03 -5.163935483619570732e+01
1.983601999999999862e+03 -5.158935483731329441e+01
1.983601999999999862e+03 -5.158935483731329441e+01
1.985908999999999651e+03 -5.169935483671724796e+01
1.988761000000000422e+03 -5.131935483776032925e+01
1.988761000000000422e+03 -5.131935483776032925e+01
1.991051000000000386e+03 -5.063935483619570732e+01
1.992322000000000116e+03 -5.087935483641922474e+01
1.993621000000000095e+03 -5.119935483671724796e+01
1.995159999999999854e+03 -5.115935483761131763e+01
1.995159999999999854e+03 -5.115935483761131763e+01
1.996194000000000415e+03 -5.111935483664274216e+01
1.997764000000000124e+03 -5.104935483634471893e+01
1.997764000000000124e+03 -5.104935483634471893e+01
2.000051000000000386e+03 -5.144935483671724796e+01
2.001306999999999789e+03 -5.105935483612120152e+01
2.002560999999999694e+03 -5.063935483619570732e+01
2.004114000000000487e+03 -5.091935483738780022e+01
2.004114000000000487e+03 -5.091935483738780022e+01
2.005418999999999869e+03 -5.070935483649373055e+01
2.005421000000000276e+03 -5.070935483649373055e+01
2.007953999999999724e+03 -5.063935483619570732e+01
2.007953999999999724e+03 -5.063935483619570732e+01
2.010244999999999891e+03 -5.039935483783483505e+01
2.011546000000000276e+03 -4.989935483783483505e+01
2.012832000000000335e+03 -4.926935483701527119e+01
2.014118000000000393e+03 -4.960935483686625957e+01
2.015230999999999767e+03 -4.928935483656823635e+01
2.016484000000000378e+03 -4.954935483634471893e+01
2.017756000000000313e+03 -4.948935483768582344e+01
2.018993999999999687e+03 -4.982935483753681183e+01
2.020247000000000298e+03 -4.920935483649373055e+01
2.021798999999999978e+03 -4.907935483753681183e+01
2.021798999999999978e+03 -4.907935483753681183e+01
2.023070999999999913e+03 -4.923935483768582344e+01
2.023070999999999913e+03 -4.923935483768582344e+01
2.024091000000000349e+03 -4.937935483641922474e+01
2.025436999999999898e+03 -4.932935483753681183e+01
2.026677999999999884e+03 -4.941935483738780022e+01
2.027916000000000167e+03 -4.924935483746230602e+01
2.029201000000000022e+03 -4.898935483768582344e+01
2.030518000000000029e+03 -4.860935483686625957e+01
2.031836000000000240e+03 -4.843935483694076538e+01
