2.570460000000002765e+02 4.006451629102230072e-01
2.583460000000000036e+02 5.106451623141765594e-01
2.596489999999998872e+02 1.180645162239670753e+00
2.609630000000001928e+02 6.906451638787984848e-01
2.622440000000001419e+02 1.110645163804292679e+00
2.635360000000000582e+02 8.806451633572578430e-01
2.648209999999999127e+02 7.706451639533042908e-01
2.661080000000001746e+02 2.406451627612113953e-01
2.673940000000002328e+02 2.706451639533042908e-01
2.686790000000000873e+02 -6.935483776032924652e-02
2.700120000000001710e+02 -2.935483679175376892e-02
2.713140000000003056e+02 -5.935483612120151520e-02
2.727550000000001091e+02 -1.593548376113176346e-01
2.738209999999999127e+02 3.064516372978687286e-02
2.750930000000003020e+02 -1.193548366427421570e-01
2.764410000000002583e+02 1.806451622396707535e-01
2.776959999999999127e+02 -1.993548367172479630e-01
2.790590000000001965e+02 5.064516328275203705e-02
2.803609999999998763e+02 5.006451625376939774e-01
2.816300000000001091e+02 1.320645162835717201e+00
2.829110000000000582e+02 1.450645163655281067e+00
2.841869999999998981e+02 1.390645163133740425e+00
2.854720000000002074e+02 1.770645163953304291e+00
2.867899999999999636e+02 2.020645163953304291e+00
2.882319999999999709e+02 1.840645162388682365e+00
2.893310000000001310e+02 1.530645163729786873e+00
2.906010000000001128e+02 1.280645163729786873e+00
2.918699999999998909e+02 1.230645162984728813e+00
2.931550000000002001e+02 1.070645162835717201e+00
2.944890000000000327e+02 8.906451631337404251e-01
2.957590000000000146e+02 6.206451635807752609e-01
2.970760000000000218e+02 3.606451638042926788e-01
2.983930000000000291e+02 -3.593548368662595749e-01
2.996469999999999345e+02 -6.693548373878002167e-01
3.010270000000000437e+02 -6.993548367172479630e-01
3.022820000000001528e+02 -1.793548371642827988e-01
3.036469999999999345e+02 -3.493548370897769928e-01
3.048780000000001564e+02 2.806451637297868729e-01
3.061370000000001710e+02 2.406451627612113953e-01
3.074100000000003092e+02 5.106451623141765594e-01
3.086939999999999600e+02 2.506451625376939774e-01
3.100129999999999200e+02 -4.293548371642827988e-01
3.113589999999999236e+02 -2.393548376858234406e-01
3.126130000000002838e+02 1.064516231417655945e-02
3.139000000000000909e+02 2.706451639533042908e-01
3.150149999999998727e+02 4.506451636552810669e-01
3.163170000000000073e+02 3.106451630592346191e-01
3.176649999999999636e+02 -2.393548376858234406e-01
3.189439999999999600e+02 -6.993548367172479630e-01
3.202359999999998763e+02 -3.193548377603292465e-01
3.215509999999999309e+02 -4.993548374623060226e-01
3.228079999999999927e+02 -4.093548376113176346e-01
3.241240000000002510e+02 -1.139354836195707321e+00
3.254110000000000582e+02 -1.419354837387800217e+00
3.269140000000002146e+02 -1.299354836344718933e+00
3.279980000000000473e+02 -7.493548374623060226e-01
3.292510000000002037e+02 -3.993548378348350525e-01
3.305840000000002874e+02 4.064516350626945496e-02
3.318070000000002437e+02 4.206451624631881714e-01
3.331089999999999236e+02 7.306451629847288132e-01
3.343949999999999818e+02 5.064516328275203705e-02
3.358679999999999382e+02 2.306451629847288132e-01
3.369980000000000473e+02 7.306451629847288132e-01
3.382680000000000291e+02 4.706451632082462311e-01
3.395230000000001382e+02 4.064516350626945496e-02
3.408079999999999927e+02 1.064516231417655945e-02
3.421100000000001273e+02 6.606451626867055893e-01
3.434420000000000073e+02 4.106451626867055893e-01
3.449480000000003201e+02 -2.935483679175376892e-02
3.460460000000002765e+02 -7.793548367917537689e-01
3.473150000000000546e+02 -6.293548364192247391e-01
3.486030000000000655e+02 -6.193548366427421570e-01
3.498720000000002983e+02 -7.193548362702131271e-01
3.511710000000002765e+02 -1.039354836568236351e+00
3.524439999999999600e+02 -9.393548369407653809e-01
3.535410000000001673e+02 -4.293548371642827988e-01
3.548409999999998945e+02 -1.993548367172479630e-01
3.561590000000001055e+02 -3.293548375368118286e-01
3.574610000000002401e+02 -4.693548362702131271e-01
3.587159999999998945e+02 -4.393548369407653809e-01
3.601890000000003056e+02 -2.935483679175376892e-02
3.612539999999999054e+02 -1.193548366427421570e-01
3.625100000000002183e+02 6.706451624631881714e-01
3.638260000000000218e+02 6.106451638042926788e-01
3.651140000000000327e+02 8.006451632827520370e-01
3.663820000000000618e+02 7.006451636552810669e-01
3.677319999999999709e+02 3.106451630592346191e-01
3.690010000000002037e+02 1.206451635807752609e-01
3.702400000000002365e+02 -4.935483634471893311e-02
3.715100000000002183e+02 -3.193548377603292465e-01
3.728110000000001492e+02 -2.293548360466957092e-01
3.740819999999998799e+02 -8.935483731329441071e-02
3.753670000000001892e+02 -6.893548369407653809e-01
3.766210000000000946e+02 -6.193548366427421570e-01
3.779230000000002292e+02 -5.293548367917537689e-01
3.790520000000001346e+02 -7.393548376858234406e-01
3.803380000000001928e+02 -9.393548369407653809e-01
3.816240000000002510e+02 -7.193548362702131271e-01
3.829230000000002292e+02 -6.593548376113176346e-01
3.841810000000000400e+02 -6.693548373878002167e-01
3.854490000000000691e+02 -7.693548370152711868e-01
3.867040000000001783e+02 -5.193548370152711868e-01
3.880060000000003129e+02 -1.493548378348350525e-01
3.892590000000000146e+02 -4.935483634471893311e-02
3.905610000000001492e+02 1.106451638042926788e-01
3.918940000000002328e+02 -3.293548375368118286e-01
3.933670000000001892e+02 -1.893548369407653809e-01
3.944039999999999964e+02 -3.393548373132944107e-01
3.956559999999999491e+02 -1.393548361957073212e-01
3.971159999999999854e+02 -4.393548369407653809e-01
3.982280000000000655e+02 -2.493548374623060226e-01
3.994920000000001892e+02 -1.693548373878002167e-01
4.007530000000001564e+02 -3.493548370897769928e-01
4.020700000000001637e+02 -8.893548361957073212e-01
4.033560000000002219e+02 -1.993548367172479630e-01
4.046260000000002037e+02 -5.593548361212015152e-01
4.061159999999999854e+02 -9.893548376858234406e-01
4.071980000000003201e+02 -7.493548374623060226e-01
4.085100000000002183e+02 -4.693548362702131271e-01
4.097539999999999054e+02 -2.193548362702131271e-01
4.110239999999998872e+02 -8.493548370897769928e-01
4.123260000000000218e+02 -8.593548368662595749e-01
4.136109999999998763e+02 -1.179354837164282799e+00
4.149140000000002146e+02 -1.059354836121201515e+00
4.162300000000000182e+02 -8.393548373132944107e-01
4.175480000000002292e+02 -1.359354836866259575e+00
4.188180000000002110e+02 -1.269354837015271187e+00
4.201170000000001892e+02 -1.589354837313294411e+00
4.215610000000001492e+02 -1.239354837685823441e+00
4.226100000000001273e+02 -1.239354837685823441e+00
4.239610000000002401e+02 -1.289354836568236351e+00
4.252139999999999418e+02 -1.219354836270213127e+00
4.265540000000000873e+02 -1.479354836046695709e+00
4.278020000000001346e+02 -1.299354836344718933e+00
4.291489999999998872e+02 -1.709354836493730545e+00
4.305770000000002256e+02 -2.309354836121201515e+00
4.317060000000001310e+02 -2.019354837015271187e+00
4.329300000000002910e+02 -2.259354837238788605e+00
4.342620000000001710e+02 -1.999354837462306023e+00
4.354839999999999236e+02 -2.279354836791753769e+00
4.367870000000002619e+02 -2.489354837685823441e+00
4.380869999999999891e+02 -2.579354837536811829e+00
4.395619999999998981e+02 -2.539354836568236351e+00
4.406590000000001055e+02 -2.429354837164282799e+00
4.419290000000000873e+02 -2.339354837313294411e+00
4.431700000000000728e+02 -1.859354836866259575e+00
4.444850000000001273e+02 -1.309354836121201515e+00
4.457400000000002365e+02 -1.089354837313294411e+00
4.470570000000002437e+02 -1.469354836270213127e+00
4.483910000000000764e+02 -1.749354837462306023e+00
4.497060000000001310e+02 -1.349354837089776993e+00
4.509940000000001419e+02 -2.159354837611317635e+00
4.522470000000002983e+02 -1.759354837238788605e+00
4.534850000000001273e+02 -1.629354836419224739e+00
4.547409999999999854e+02 -1.689354836940765381e+00
4.560720000000001164e+02 -1.539354836568236351e+00
4.575470000000000255e+02 -2.029354836791753769e+00
4.586289999999999054e+02 -1.829354837536811829e+00
4.599619999999999891e+02 -1.489354837685823441e+00
4.612640000000001237e+02 -1.379354836419224739e+00
4.625010000000002037e+02 -2.069354837760329247e+00
4.638050000000002910e+02 -2.089354837313294411e+00
4.650880000000001928e+02 -2.259354837238788605e+00
4.663760000000002037e+02 -1.799354836344718933e+00
4.674729999999999563e+02 -1.769354837015271187e+00
4.688050000000002910e+02 -1.609354836866259575e+00
4.700610000000001492e+02 -1.729354836046695709e+00
4.713450000000002547e+02 -1.889354836195707321e+00
4.726590000000001055e+02 -2.089354837313294411e+00
4.739010000000002947e+02 -2.689354836940765381e+00
4.751720000000000255e+02 -2.439354836940765381e+00
4.764580000000000837e+02 -2.309354836121201515e+00
4.777429999999999382e+02 -2.279354836791753769e+00
4.790610000000001492e+02 -2.289354836568236351e+00
4.805030000000001564e+02 -2.399354837834835052e+00
4.815990000000001601e+02 -1.789354836568236351e+00
4.830260000000002947e+02 -2.209354836493730545e+00
4.841399999999998727e+02 -2.039354836568236351e+00
4.854279999999998836e+02 -2.279354836791753769e+00
4.866489999999998872e+02 -2.149354837834835052e+00
4.879349999999999454e+02 -1.999354837462306023e+00
4.894560000000001310e+02 -2.579354837536811829e+00
4.894560000000001310e+02 -2.579354837536811829e+00
4.904909999999999854e+02 -2.559354836121201515e+00
4.917930000000001201e+02 -2.939354836940765381e+00
4.930940000000000509e+02 -3.049354836344718933e+00
4.942069999999998799e+02 -3.169354837387800217e+00
4.956649999999999636e+02 -3.379354836419224739e+00
4.967319999999999709e+02 -2.989354837685823441e+00
4.981910000000002583e+02 -2.609354836866259575e+00
4.992409999999999854e+02 -2.369354836642742157e+00
5.005410000000001673e+02 -2.049354836344718933e+00
5.018430000000003020e+02 -2.649354837834835052e+00
5.031600000000003092e+02 -2.199354836717247963e+00
5.044000000000000909e+02 -1.789354836568236351e+00
5.057480000000000473e+02 -2.149354837834835052e+00
5.069859999999998763e+02 -1.919354837387800217e+00
5.082730000000001382e+02 -1.599354837089776993e+00
5.095889999999999418e+02 -1.959354836493730545e+00
5.108260000000000218e+02 -1.569354837760329247e+00
5.120990000000001601e+02 -1.209354836493730545e+00
5.133670000000001892e+02 -1.329354837536811829e+00
5.146550000000002001e+02 -7.093548364937305450e-01
5.159400000000000546e+02 -1.459354836493730545e+00
5.172110000000002401e+02 -3.693548366427421570e-01
5.184800000000000182e+02 -2.493548374623060226e-01
5.197970000000000255e+02 4.006451629102230072e-01
5.208960000000001855e+02 1.506451629102230072e-01
5.221959999999999127e+02 -1.609354836866259575e+00
5.235039999999999054e+02 -2.249354837462306023e+00
5.247530000000001564e+02 -2.939354836940765381e+00
5.260370000000002619e+02 -4.439354836940765381e+00
5.273550000000000182e+02 -5.149354837834835052e+00
5.286559999999999491e+02 -5.669354837387800217e+00
5.298780000000001564e+02 -7.089354837313294411e+00
5.311660000000001673e+02 -7.939354836940765381e+00
5.324349999999999454e+02 -9.429354837164282799e+00
5.337220000000002074e+02 -1.071935483627021313e+01
5.362780000000002474e+02 -1.338935483619570732e+01
5.375630000000001019e+02 -1.506935483776032925e+01
5.388640000000000327e+02 -1.655935483612120152e+01
5.399569999999998799e+02 -1.817935483716428280e+01
5.412330000000001746e+02 -2.042935483716428280e+01
5.424859999999998763e+02 -2.195935483649373055e+01
5.437719999999999345e+02 -2.437935483641922474e+01
5.450880000000001928e+02 -2.725935483723878860e+01
5.463910000000000764e+02 -2.850935483723878860e+01
5.478170000000000073e+02 -3.109935483708977699e+01
5.489310000000000400e+02 -3.337935483641922474e+01
5.501700000000000728e+02 -3.495935483649373055e+01
5.526930000000002110e+02 -4.005935483612120152e+01
5.539800000000000182e+02 -4.275935483723878860e+01
5.552800000000002001e+02 -4.526935483701527119e+01
5.565840000000002874e+02 -4.861935483664274216e+01
5.576959999999999127e+02 -5.082935483753681183e+01
5.589500000000002728e+02 -5.475935483723878860e+01
5.620239999999998872e+02 -5.875935483723878860e+01
5.634039999999999964e+02 -6.275935483723878860e+01
5.646109999999998763e+02 -6.569935483671724796e+01
5.659120000000002619e+02 -6.930935483612120152e+01
5.671829999999999927e+02 -7.283935483731329441e+01
5.685149999999998727e+02 -7.649935483746230602e+01
5.698020000000001346e+02 -8.008935483731329441e+01
5.708830000000002656e+02 -8.442935483716428280e+01
5.721849999999999454e+02 -8.781935483776032925e+01
5.734079999999999018e+02 -9.169935483671724796e+01
5.746939999999999600e+02 -9.581935483776032925e+01
5.759659999999998945e+02 -9.937935483641922474e+01
5.772339999999999236e+02 -1.034193548373878002e+02
5.785350000000003092e+02 -1.084293548371642828e+02
5.798060000000000400e+02 -1.121293548364192247e+02
5.811069999999999709e+02 -1.162393548376858234e+02
5.821880000000001019e+02 -1.231293548364192247e+02
5.847130000000001928e+02 -1.312593548372387886e+02
5.860289999999999964e+02 -1.346593548376113176e+02
5.873160000000002583e+02 -1.374593548364937305e+02
5.886330000000002656e+02 -1.400093548372387886e+02
5.897300000000000182e+02 -1.421493548378348351e+02
5.922870000000002619e+02 -1.471393548361957073e+02
5.935889999999999418e+02 -1.494093548376113176e+02
5.948890000000001237e+02 -1.508493548370897770e+02
5.959710000000000036e+02 -1.535693548377603292e+02
5.972570000000000618e+02 -1.554793548360466957e+02
5.985280000000002474e+02 -1.569893548376858234e+02
5.997970000000000255e+02 -1.593993548378348351e+02
6.023530000000000655e+02 -1.606993548367172480e+02
6.036399999999998727e+02 -1.621893548369407654e+02
6.049410000000002583e+02 -1.634293548371642828e+02
6.060370000000002619e+02 -1.634793548360466957e+02
6.073090000000001965e+02 -1.646893548369407654e+02
6.085630000000001019e+02 -1.648793548364192247e+02
6.098789999999999054e+02 -1.652693548370152712e+02
6.111800000000002910e+02 -1.667693548370152712e+02
6.122939999999998690e+02 -1.671793548371642828e+02
6.135489999999999782e+02 -1.675793548375368118e+02
6.148360000000002401e+02 -1.684993548374623060e+02
6.161520000000000437e+02 -1.683793548364192247e+02
6.174380000000001019e+02 -1.682993548363447189e+02
6.187220000000002074e+02 -1.687493548374623060e+02
6.198050000000002910e+02 -1.681993548367172480e+02
6.210590000000001965e+02 -1.663293548375368118e+02
6.223140000000003056e+02 -1.668593548368662596e+02
6.236150000000002365e+02 -1.652893548365682364e+02
6.249020000000000437e+02 -1.635093548372387886e+02
6.262339999999999236e+02 -1.617893548365682364e+02
6.275210000000001855e+02 -1.617393548376858234e+02
6.288060000000000400e+02 -1.605593548361212015e+02
6.299020000000000437e+02 -1.595193548370152712e+02
6.312049999999999272e+02 -1.583893548361957073e+02
6.324740000000001601e+02 -1.571893548369407654e+02
6.337750000000000909e+02 -1.557393548376858234e+02
6.350779999999999745e+02 -1.558593548368662596e+02
6.363470000000002074e+02 -1.546793548371642828e+02
6.376640000000002146e+02 -1.532893548365682364e+02
6.387470000000002983e+02 -1.522693548370152712e+02
6.400790000000001783e+02 -1.506993548367172480e+02
6.413810000000003129e+02 -1.483893548361957073e+02
6.426510000000002947e+02 -1.474993548374623060e+02
6.439529999999999745e+02 -1.454193548373878002e+02
6.452690000000002328e+02 -1.428893548361957073e+02
6.465250000000000909e+02 -1.413093548361212015e+02
6.477800000000002001e+02 -1.401693548373878002e+02
6.491179999999999382e+02 -1.388093548361212015e+02
6.505550000000002910e+02 -1.375093548372387886e+02
6.516359999999999673e+02 -1.364993548374623060e+02
6.529230000000002292e+02 -1.353493548370897770e+02
6.542850000000003092e+02 -1.347193548362702131e+02
6.556980000000003201e+02 -1.327393548376858234e+02
6.567950000000000728e+02 -1.327393548376858234e+02
6.580810000000001310e+02 -1.326693548373878002e+02
6.593830000000002656e+02 -1.319693548362702131e+02
6.606990000000000691e+02 -1.310593548361212015e+02
6.619380000000001019e+02 -1.300293548367917538e+02
6.632400000000002365e+02 -1.296293548364192247e+02
6.645880000000001928e+02 -1.295993548370897770e+02
6.659050000000002001e+02 -1.283693548366427422e+02
6.671390000000001237e+02 -1.278493548370897770e+02
6.684459999999999127e+02 -1.271993548367172480e+02
6.697890000000002146e+02 -1.277893548365682364e+02
6.710329999999999018e+02 -1.279293548371642828e+02
6.723330000000000837e+02 -1.267893548365682364e+02
6.736370000000001710e+02 -1.263193548377603292e+02
6.751100000000001273e+02 -1.258993548378348351e+02
6.762390000000000327e+02 -1.258393548373132944e+02
6.775230000000001382e+02 -1.258793548364192247e+02
6.788420000000000982e+02 -1.249293548371642828e+02
6.800950000000002547e+02 -1.244993548374623060e+02
6.813960000000001855e+02 -1.234393548369407654e+02
6.828540000000002692e+02 -1.235593548361212015e+02
6.839369999999998981e+02 -1.235493548363447189e+02
6.852220000000002074e+02 -1.245393548365682364e+02
6.865239999999998872e+02 -1.236493548378348351e+02
6.878130000000001019e+02 -1.235993548370897770e+02
6.890650000000000546e+02 -1.235193548370152712e+02
6.903499999999999091e+02 -1.243793548364192247e+02
6.916370000000001710e+02 -1.240593548361212015e+02
6.929059999999999491e+02 -1.228693548366427422e+02
6.939870000000000800e+02 -1.229793548360466957e+02
6.952590000000000146e+02 -1.234793548360466957e+02
6.967000000000002728e+02 -1.232293548360466957e+02
6.977980000000002292e+02 -1.219693548362702131e+02
6.990840000000002874e+02 -1.217393548376858234e+02
7.003380000000001928e+02 -1.207393548376858234e+02
7.016399999999998727e+02 -1.206493548378348351e+02
7.031140000000000327e+02 -1.195593548361212015e+02
7.042110000000002401e+02 -1.184493548367172480e+02
7.054360000000001492e+02 -1.186093548368662596e+02
7.067510000000002037e+02 -1.176393548361957073e+02
7.080230000000001382e+02 -1.165993548370897770e+02
7.093060000000000400e+02 -1.169093548376113176e+02
7.105930000000003020e+02 -1.160193548370152712e+02
7.118789999999999054e+02 -1.155493548363447189e+02
7.130080000000002656e+02 -1.166493548378348351e+02
7.143260000000000218e+02 -1.157793548367917538e+02
7.155640000000003056e+02 -1.157093548364937305e+02
7.168029999999998836e+02 -1.162393548376858234e+02
7.180740000000000691e+02 -1.163093548361212015e+02
7.193899999999998727e+02 -1.157393548376858234e+02
7.206910000000002583e+02 -1.152793548367917538e+02
7.219940000000001419e+02 -1.151393548361957073e+02
7.231060000000002219e+02 -1.146293548364192247e+02
7.244250000000001819e+02 -1.137193548362702131e+02
7.257249999999999091e+02 -1.137393548376858234e+02
7.269940000000001419e+02 -1.135593548361212015e+02
7.282649999999998727e+02 -1.134693548362702131e+02
7.295970000000002074e+02 -1.138693548366427422e+02
7.308679999999999382e+02 -1.133593548368662596e+02
7.322000000000002728e+02 -1.135893548373132944e+02
7.335180000000000291e+02 -1.127093548364937305e+02
7.347880000000000109e+02 -1.125493548363447189e+02
7.360540000000000873e+02 -1.137093548364937305e+02
7.373910000000000764e+02 -1.127493548374623060e+02
7.386849999999999454e+02 -1.115093548372387886e+02
7.401199999999998909e+02 -1.111393548361957073e+02
7.412159999999998945e+02 -1.108093548361212015e+02
7.425190000000002328e+02 -1.121493548378348351e+02
7.437719999999999345e+02 -1.122093548364937305e+02
7.451060000000002219e+02 -1.125993548370897770e+02
7.463910000000000764e+02 -1.118093548361212015e+02
7.477409999999999854e+02 -1.115693548377603292e+02
7.489780000000000655e+02 -1.105193548370152712e+02
7.502750000000000909e+02 -1.115893548373132944e+02
7.515509999999999309e+02 -1.112293548360466957e+02
7.530560000000000400e+02 -1.109993548374623060e+02
7.541530000000002474e+02 -1.099993548374623060e+02
7.554700000000002547e+02 -1.098493548370897770e+02
7.567400000000002365e+02 -1.104593548364937305e+02
7.580270000000000437e+02 -1.099993548374623060e+02
7.593470000000002074e+02 -1.097893548365682364e+02
7.606140000000000327e+02 -1.099393548369407654e+02
7.618980000000001382e+02 -1.110793548375368118e+02
7.632159999999998945e+02 -1.103093548361212015e+02
7.645170000000002801e+02 -1.093093548361212015e+02
7.657570000000000618e+02 -1.097493548374623060e+02
7.670430000000001201e+02 -1.107193548362702131e+02
7.683110000000001492e+02 -1.107393548376858234e+02
7.696150000000002365e+02 -1.107693548370152712e+02
7.710720000000001164e+02 -1.111393548361957073e+02
7.722010000000000218e+02 -1.125293548367917538e+02
7.735180000000000291e+02 -1.123193548377603292e+02
7.747409999999999854e+02 -1.121793548371642828e+02
7.760270000000000437e+02 -1.127393548376858234e+02
7.773130000000001019e+02 -1.126693548373878002e+02
7.785680000000002110e+02 -1.128693548366427422e+02
7.798530000000000655e+02 -1.128693548366427422e+02
7.811390000000001237e+02 -1.134093548376113176e+02
7.824410000000002583e+02 -1.134393548369407654e+02
7.835380000000000109e+02 -1.135193548370152712e+02
7.848400000000001455e+02 -1.135393548365682364e+02
7.861570000000001528e+02 -1.132793548367917538e+02
7.874529999999999745e+02 -1.130693548377603292e+02
7.887280000000000655e+02 -1.140693548377603292e+02
7.900439999999998690e+02 -1.137493548374623060e+02
7.912840000000001055e+02 -1.137693548370152712e+02
7.925540000000000873e+02 -1.143093548361212015e+02
7.938369999999999891e+02 -1.129693548362702131e+02
7.951410000000000764e+02 -1.127993548363447189e+02
7.964110000000000582e+02 -1.125693548377603292e+02
7.978530000000000655e+02 -1.128893548361957073e+02
7.989510000000000218e+02 -1.124993548374623060e+02
8.002220000000002074e+02 -1.121793548371642828e+02
8.015060000000003129e+02 -1.129793548360466957e+02
8.027919999999999163e+02 -1.138693548366427422e+02
8.041100000000001273e+02 -1.137993548363447189e+02
8.054270000000001346e+02 -1.134993548374623060e+02
8.066820000000002437e+02 -1.133393548373132944e+02
8.077800000000002001e+02 -1.131193548366427422e+02
8.091120000000000800e+02 -1.124193548373878002e+02
8.103360000000002401e+02 -1.127993548363447189e+02
8.116990000000000691e+02 -1.119093548376113176e+02
8.129390000000003056e+02 -1.120793548375368118e+02
8.142400000000002365e+02 -1.122593548372387886e+02
8.155410000000001673e+02 -1.108693548366427422e+02
8.168110000000001492e+02 -1.095893548373132944e+02
8.183160000000002583e+02 -1.110093548372387886e+02
8.183160000000002583e+02 -1.110093548372387886e+02
8.193670000000001892e+02 -1.107993548363447189e+02
8.206680000000001201e+02 -1.112493548374623060e+02
8.217660000000000764e+02 -1.105593548361212015e+02
8.230030000000001564e+02 -1.091693548373878002e+02
8.244310000000000400e+02 -1.090393548365682364e+02
8.255450000000000728e+02 -1.084293548371642828e+02
8.268470000000002074e+02 -1.093093548361212015e+02
8.280999999999999091e+02 -1.103493548370897770e+02
8.293870000000001710e+02 -1.100793548375368118e+02
8.306880000000001019e+02 -1.099793548360466957e+02
8.321770000000001346e+02 -1.108493548370897770e+02
8.332760000000002947e+02 -1.109493548367172480e+02
8.345439999999998690e+02 -1.108393548373132944e+02
8.358310000000001310e+02 -1.108993548378348351e+02
8.370850000000000364e+02 -1.108293548375368118e+02
8.383720000000002983e+02 -1.107193548362702131e+02
8.396410000000000764e+02 -1.104893548376858234e+02
8.409110000000000582e+02 -1.103393548373132944e+02
8.421820000000002437e+02 -1.100893548373132944e+02
8.434970000000002983e+02 -1.101593548376113176e+02
8.448150000000000546e+02 -1.101593548376113176e+02
8.461010000000001128e+02 -1.099493548367172480e+02
8.474189999999998690e+02 -1.099093548376113176e+02
8.486420000000002801e+02 -1.096893548369407654e+02
8.499279999999998836e+02 -1.096393548361957073e+02
8.512130000000001928e+02 -1.103693548366427422e+02
8.525000000000000000e+02 -1.095693548377603292e+02
8.537699999999999818e+02 -1.089693548362702131e+02
8.550399999999999636e+02 -1.089093548376113176e+02
8.563090000000001965e+02 -1.100593548361212015e+02
8.574160000000001673e+02 -1.110993548370897770e+02
8.586770000000001346e+02 -1.108393548373132944e+02
8.599619999999999891e+02 -1.109193548373878002e+02
8.612330000000001746e+02 -1.096193548366427422e+02
8.625019999999999527e+02 -1.095293548367917538e+02
8.637880000000000109e+02 -1.104793548360466957e+02
8.650590000000001965e+02 -1.104493548367172480e+02
8.663279999999999745e+02 -1.104793548360466957e+02
8.676310000000003129e+02 -1.105793548375368118e+02
8.687280000000000655e+02 -1.108293548375368118e+02
8.699819999999999709e+02 -1.104693548362702131e+02
8.712519999999999527e+02 -1.104593548364937305e+02
8.725540000000000873e+02 -1.115493548363447189e+02
8.738510000000001128e+02 -1.116893548369407654e+02
8.753130000000001019e+02 -1.122493548374623060e+02
8.763650000000002365e+02 -1.126693548373878002e+02
8.776500000000000909e+02 -1.130693548377603292e+02
8.789670000000000982e+02 -1.135893548373132944e+02
8.802860000000000582e+02 -1.142693548370152712e+02
8.815080000000002656e+02 -1.128793548364192247e+02
8.827760000000002947e+02 -1.115393548365682364e+02
8.840329999999999018e+02 -1.118993548378348351e+02
8.853009999999999309e+02 -1.127193548362702131e+02
8.865999999999999091e+02 -1.137193548362702131e+02
8.878730000000000473e+02 -1.137993548363447189e+02
8.891280000000001564e+02 -1.143693548366427422e+02
8.903980000000001382e+02 -1.142993548363447189e+02
8.917470000000002983e+02 -1.138093548361212015e+02
8.930000000000000000e+02 -1.137393548376858234e+02
8.942860000000000582e+02 -1.138093548361212015e+02
8.955560000000000400e+02 -1.139693548362702131e+02
8.968119999999998981e+02 -1.136793548371642828e+02
8.980650000000000546e+02 -1.135593548361212015e+02
8.993369999999999891e+02 -1.134393548369407654e+02
9.006530000000002474e+02 -1.133393548373132944e+02
9.019380000000001019e+02 -1.132393548376858234e+02
9.032400000000002365e+02 -1.132393548376858234e+02
9.043380000000001928e+02 -1.125393548365682364e+02
9.056080000000001746e+02 -1.111093548368662596e+02
9.069250000000001819e+02 -1.113193548377603292e+02
9.082110000000002401e+02 -1.108693548366427422e+02
9.096840000000001965e+02 -1.108793548364192247e+02
9.107820000000001528e+02 -1.107393548376858234e+02
9.121320000000000618e+02 -1.106493548378348351e+02
9.133230000000003201e+02 -1.101693548373878002e+02
9.146550000000002001e+02 -1.099393548369407654e+02
9.159420000000000073e+02 -1.108093548361212015e+02
9.172409999999999854e+02 -1.109393548369407654e+02
9.185129999999999200e+02 -1.107593548372387886e+02
9.195950000000002547e+02 -1.105593548361212015e+02
9.209580000000000837e+02 -1.106293548364192247e+02
9.221970000000001164e+02 -1.109293548371642828e+02
9.234980000000000473e+02 -1.102093548364937305e+02
9.248319999999998799e+02 -1.115793548375368118e+02
9.260709999999999127e+02 -1.112593548372387886e+02
9.273400000000001455e+02 -1.108993548378348351e+02
9.288150000000000546e+02 -1.108493548370897770e+02
9.298969999999999345e+02 -1.106593548376113176e+02
9.311820000000002437e+02 -1.101293548364192247e+02
9.324360000000001492e+02 -1.100193548370152712e+02
9.337519999999999527e+02 -1.098493548370897770e+02
9.350550000000002910e+02 -1.098093548361212015e+02
9.363090000000001965e+02 -1.092893548365682364e+02
9.375650000000000546e+02 -1.089293548371642828e+02
9.388170000000000073e+02 -1.082493548374623060e+02
9.400720000000001164e+02 -1.096693548373878002e+02
9.411869999999998981e+02 -1.084793548360466957e+02
9.424880000000002838e+02 -1.086393548361957073e+02
9.437719999999999345e+02 -1.085293548367917538e+02
9.450439999999998690e+02 -1.092393548376858234e+02
9.476159999999999854e+02 -1.101793548371642828e+02
9.488840000000000146e+02 -1.099893548376858234e+02
9.501860000000001492e+02 -1.094093548376113176e+02
9.512840000000001055e+02 -1.092193548362702131e+02
9.526010000000001128e+02 -1.104993548374623060e+02
9.538079999999999927e+02 -1.104893548376858234e+02
9.551420000000002801e+02 -1.105493548363447189e+02
9.565689999999999600e+02 -1.105093548372387886e+02
9.576980000000003201e+02 -1.102293548360466957e+02
9.591550000000002001e+02 -1.100593548361212015e+02
9.602580000000002656e+02 -1.104193548373878002e+02
9.615080000000002656e+02 -1.098593548368662596e+02
9.628079999999999927e+02 -1.098393548373132944e+02
9.640650000000000546e+02 -1.089593548364937305e+02
9.653800000000001091e+02 -1.085293548367917538e+02
9.666669999999999163e+02 -1.084893548376858234e+02
9.679680000000003020e+02 -1.092193548362702131e+02
9.690960000000000036e+02 -1.106793548371642828e+02
9.703679999999999382e+02 -1.106993548367172480e+02
9.716530000000002474e+02 -1.107793548367917538e+02
9.729439999999999600e+02 -1.108293548375368118e+02
9.741469999999999345e+02 -1.108293548375368118e+02
9.754459999999999127e+02 -1.109393548369407654e+02
9.767339999999999236e+02 -1.110093548372387886e+02
9.780340000000001055e+02 -1.105793548375368118e+02
9.793189999999999600e+02 -1.104693548362702131e+02
9.805750000000002728e+02 -1.103493548370897770e+02
9.817350000000001273e+02 -1.101093548368662596e+02
9.829580000000000837e+02 -1.094593548364937305e+02
9.842440000000001419e+02 -1.090693548377603292e+02
9.855300000000002001e+02 -1.086893548369407654e+02
9.868160000000002583e+02 -1.098993548378348351e+02
9.881020000000003165e+02 -1.096693548373878002e+02
9.894020000000000437e+02 -1.094693548362702131e+02
9.905640000000003056e+02 -1.099193548373878002e+02
9.918020000000001346e+02 -1.096493548378348351e+02
9.931320000000000618e+02 -1.097293548360466957e+02
9.944039999999999964e+02 -1.102893548365682364e+02
9.957370000000000800e+02 -1.101293548364192247e+02
9.969920000000001892e+02 -1.097193548362702131e+02
9.984659999999998945e+02 -1.096593548376113176e+02
9.995480000000002292e+02 -1.104893548376858234e+02
1.000880000000000109e+03 -1.103293548375368118e+02
1.002135999999999967e+03 -1.104793548360466957e+02
1.003452000000000226e+03 -1.103393548373132944e+02
1.004689000000000306e+03 -1.112093548364937305e+02
1.006009000000000015e+03 -1.110793548375368118e+02
1.007230000000000018e+03 -1.123793548364192247e+02
1.008565000000000055e+03 -1.122893548365682364e+02
1.009787000000000262e+03 -1.122193548362702131e+02
1.011072000000000116e+03 -1.120993548370897770e+02
1.012358000000000175e+03 -1.113893548361957073e+02
1.013659000000000106e+03 -1.111893548369407654e+02
1.014742000000000189e+03 -1.102193548362702131e+02
1.016043999999999869e+03 -1.104493548367172480e+02
1.017282999999999902e+03 -1.099893548376858234e+02
1.018552000000000135e+03 -1.096993548367172480e+02
1.020057000000000244e+03 -1.096193548366427422e+02
1.021170000000000073e+03 -1.097393548376858234e+02
1.022458000000000084e+03 -1.095693548377603292e+02
1.023742000000000189e+03 -1.095293548367917538e+02
1.025028000000000247e+03 -1.103093548361212015e+02
1.026329000000000178e+03 -1.102493548374623060e+02
1.027615999999999985e+03 -1.113393548373132944e+02
1.029088000000000193e+03 -1.107093548364937305e+02
1.030229000000000269e+03 -1.108093548361212015e+02
1.031692000000000007e+03 -1.101193548366427422e+02
1.034045000000000073e+03 -1.098593548368662596e+02
1.035329999999999927e+03 -1.097493548374623060e+02
1.036615999999999985e+03 -1.096193548366427422e+02
1.037869999999999891e+03 -1.096793548371642828e+02
1.039106999999999971e+03 -1.091393548361957073e+02
1.040378999999999905e+03 -1.088893548361957073e+02
1.042967000000000098e+03 -1.103293548375368118e+02
1.045552000000000135e+03 -1.095093548372387886e+02
1.046807999999999993e+03 -1.108193548377603292e+02
1.048093000000000302e+03 -1.103293548375368118e+02
1.049191000000000258e+03 -1.101393548361957073e+02
1.050681000000000040e+03 -1.098593548368662596e+02
1.051747000000000298e+03 -1.092193548362702131e+02
1.053001000000000204e+03 -1.093493548370897770e+02
1.054318999999999960e+03 -1.089893548376858234e+02
1.055603000000000065e+03 -1.082493548374623060e+02
1.056891000000000076e+03 -1.080693548377603292e+02
1.058175000000000182e+03 -1.078893548361957073e+02
1.059273000000000138e+03 -1.076393548361957073e+02
1.060575000000000273e+03 -1.079693548362702131e+02
1.061876000000000204e+03 -1.077193548362702131e+02
1.063099000000000160e+03 -1.075793548375368118e+02
1.064604000000000269e+03 -1.074993548374623060e+02
1.065699000000000069e+03 -1.074493548367172480e+02
1.066911000000000058e+03 -1.074593548364937305e+02
1.068211000000000240e+03 -1.073593548368662596e+02
1.069498000000000047e+03 -1.072093548364937305e+02
1.070814000000000306e+03 -1.069393548369407654e+02
1.072096000000000004e+03 -1.070793548375368118e+02
1.073371000000000095e+03 -1.066493548378348351e+02
1.074686000000000149e+03 -1.067493548374623060e+02
1.075910000000000309e+03 -1.069793548360466957e+02
1.077259000000000015e+03 -1.069393548369407654e+02
1.078498000000000047e+03 -1.078493548370897770e+02
1.079751999999999953e+03 -1.073493548370897770e+02
1.081037000000000262e+03 -1.064093548376113176e+02
1.082307999999999993e+03 -1.067293548360466957e+02
1.083561999999999898e+03 -1.058293548375368118e+02
1.084849000000000160e+03 -1.045493548363447189e+02
1.086117999999999938e+03 -1.046793548371642828e+02
1.087418999999999869e+03 -1.037493548374623060e+02
1.088691000000000258e+03 -1.025893548373132944e+02
1.089990000000000236e+03 -1.026293548364192247e+02
1.091057000000000244e+03 -1.023093548361212015e+02
1.092405999999999949e+03 -1.032793548367917538e+02
1.093691000000000258e+03 -1.033793548364192247e+02
1.095009000000000015e+03 -1.036693548373878002e+02
1.096277000000000044e+03 -1.037193548362702131e+02
1.097550000000000182e+03 -1.028393548373132944e+02
1.098865000000000236e+03 -1.027493548374623060e+02
1.100164000000000215e+03 -1.021593548376113176e+02
1.101436999999999898e+03 -1.023593548368662596e+02
1.102552000000000135e+03 -1.022993548363447189e+02
1.103864000000000033e+03 -1.028893548361957073e+02
1.105108000000000175e+03 -1.027193548362702131e+02
1.106423000000000229e+03 -1.026993548367172480e+02
1.107711000000000240e+03 -1.029093548376113176e+02
1.108994999999999891e+03 -1.034093548376113176e+02
1.110092999999999847e+03 -1.033893548361957073e+02
1.111364000000000487e+03 -1.040293548367917538e+02
1.112649000000000342e+03 -1.038993548378348351e+02
1.113981999999999971e+03 -1.039893548376858234e+02
1.115173999999999978e+03 -1.050993548370897770e+02
1.116458000000000538e+03 -1.045993548370897770e+02
1.117698000000000320e+03 -1.046193548366427422e+02
1.119014000000000124e+03 -1.059993548374623060e+02
1.120314000000000306e+03 -1.060593548361212015e+02
1.121632999999999811e+03 -1.060193548370152712e+02
1.122935000000000400e+03 -1.064193548373878002e+02
1.123997000000000298e+03 -1.062493548374623060e+02
1.125288000000000466e+03 -1.063393548373132944e+02
1.126541000000000167e+03 -1.063993548378348351e+02
1.127811999999999898e+03 -1.063793548364192247e+02
1.129317000000000007e+03 -1.065593548361212015e+02
1.129317000000000007e+03 -1.065593548361212015e+02
1.130333999999999833e+03 -1.058193548377603292e+02
1.131606999999999971e+03 -1.054293548371642828e+02
1.132922999999999774e+03 -1.055293548367917538e+02
1.134210000000000036e+03 -1.055293548367917538e+02
1.135306999999999789e+03 -1.047893548365682364e+02
1.136591999999999643e+03 -1.045993548370897770e+02
1.137878999999999905e+03 -1.044393548369407654e+02
1.139225999999999658e+03 -1.057793548367917538e+02
1.140511999999999716e+03 -1.057293548360466957e+02
1.141735999999999876e+03 -1.055093548372387886e+02
1.143036000000000058e+03 -1.048993548378348351e+02
1.144511000000000422e+03 -1.059893548376858234e+02
1.145608000000000175e+03 -1.059893548376858234e+02
1.146847999999999956e+03 -1.059293548371642828e+02
1.148148000000000138e+03 -1.068193548377603292e+02
1.149449000000000524e+03 -1.063093548361212015e+02
1.150734999999999673e+03 -1.069393548369407654e+02
1.152020999999999731e+03 -1.072593548372387886e+02
1.153118999999999687e+03 -1.070293548367917538e+02
1.154359000000000378e+03 -1.063993548378348351e+02
1.155675000000000182e+03 -1.060193548370152712e+02
1.156914999999999964e+03 -1.050493548363447189e+02
1.159546000000000276e+03 -1.042793548367917538e+02
1.160819000000000415e+03 -1.053893548361957073e+02
1.162101999999999862e+03 -1.047193548362702131e+02
1.163222999999999956e+03 -1.052293548360466957e+02
1.164487000000000080e+03 -1.047393548376858234e+02
1.165804000000000087e+03 -1.045993548370897770e+02
1.167074000000000524e+03 -1.038593548368662596e+02
1.168375000000000000e+03 -1.026493548378348351e+02
1.169662000000000262e+03 -1.016193548366427422e+02
1.170931999999999789e+03 -1.008093548361212015e+02
1.172255000000000109e+03 -9.990935483761131763e+01
1.173489000000000487e+03 -1.003393548373132944e+02
1.174742000000000189e+03 -9.998935483768582344e+01
1.176043999999999869e+03 -9.989935483783483505e+01
1.177344000000000051e+03 -9.989935483783483505e+01
1.178585000000000036e+03 -9.937935483641922474e+01
1.179868999999999687e+03 -9.960935483686625957e+01
1.181185999999999694e+03 -9.927935483679175377e+01
1.182472999999999956e+03 -9.915935483761131763e+01
1.183586000000000240e+03 -9.896935483627021313e+01
1.184871000000000095e+03 -9.893935483694076538e+01
1.186127000000000407e+03 -9.900935483723878860e+01
1.187411000000000058e+03 -9.916935483738780022e+01
1.188729000000000269e+03 -9.856935483776032925e+01
1.190235999999999876e+03 -9.850935483723878860e+01
1.190238000000000284e+03 -9.850935483723878860e+01
1.191252000000000407e+03 -9.802935483679175377e+01
1.192539999999999964e+03 -9.813935483619570732e+01
1.195363000000000284e+03 -9.968935483694076538e+01
1.195363000000000284e+03 -9.968935483694076538e+01
1.196364999999999782e+03 -9.936935483664274216e+01
1.197650000000000546e+03 -9.946935483627021313e+01
1.198936999999999898e+03 -1.008193548377603292e+02
1.200050000000000182e+03 -1.005993548370897770e+02
1.201570999999999913e+03 -1.005093548372387886e+02
1.202636999999999716e+03 -9.950935483723878860e+01
1.203985999999999876e+03 -9.822935483604669571e+01
1.205240999999999985e+03 -9.885935483686625957e+01
1.206541000000000167e+03 -9.911935483664274216e+01
1.207796000000000276e+03 -9.887935483641922474e+01
1.210336000000000240e+03 -9.952935483679175377e+01
1.211606999999999971e+03 -9.976935483701527119e+01
1.212891999999999825e+03 -1.004993548374623060e+02
1.214413000000000466e+03 -1.005893548373132944e+02
1.214413000000000466e+03 -1.005893548373132944e+02
1.215685000000000400e+03 -1.018693548366427422e+02
1.215688000000000102e+03 -1.018693548366427422e+02
1.216936999999999898e+03 -1.020993548370897770e+02
1.216936999999999898e+03 -1.020993548370897770e+02
1.217940999999999804e+03 -1.020793548375368118e+02
1.220466000000000349e+03 -1.034693548362702131e+02
1.221766999999999825e+03 -1.045293548367917538e+02
1.223067000000000007e+03 -1.043493548370897770e+02
1.224338999999999942e+03 -1.043193548377603292e+02
1.225623999999999796e+03 -1.048593548368662596e+02
1.226706000000000131e+03 -1.048993548378348351e+02
1.228194999999999709e+03 -1.037293548360466957e+02
1.229278000000000247e+03 -1.038793548364192247e+02
1.230560000000000400e+03 -1.048393548373132944e+02
1.231818000000000211e+03 -1.057193548362702131e+02
1.233087000000000444e+03 -1.064493548367172480e+02
1.234625000000000000e+03 -1.058993548378348351e+02
1.234625000000000000e+03 -1.058993548378348351e+02
1.235643000000000029e+03 -1.069593548364937305e+02
1.237163999999999760e+03 -1.063393548373132944e+02
1.237163999999999760e+03 -1.063393548373132944e+02
1.238185000000000400e+03 -1.063593548368662596e+02
1.240708999999999833e+03 -1.050893548373132944e+02
1.242010000000000218e+03 -1.063093548361212015e+02
1.243106999999999971e+03 -1.058693548366427422e+02
1.244394000000000233e+03 -1.053393548373132944e+02
1.245819999999999709e+03 -1.041293548364192247e+02
1.246871000000000095e+03 -1.031993548367172480e+02
1.248313000000000102e+03 -1.035393548365682364e+02
1.249378999999999905e+03 -1.026893548369407654e+02
1.250649000000000342e+03 -1.026993548367172480e+02
1.251935000000000400e+03 -1.038693548366427422e+02
1.253203999999999724e+03 -1.037493548374623060e+02
1.254492000000000189e+03 -1.029493548367172480e+02
1.255792999999999665e+03 -1.030293548367917538e+02
1.257078999999999724e+03 -1.025593548361212015e+02
1.258364000000000487e+03 -1.024393548369407654e+02
1.259650000000000546e+03 -1.023293548375368118e+02
1.260905999999999949e+03 -1.021593548376113176e+02
1.262175000000000182e+03 -1.017793548367917538e+02
1.263256000000000313e+03 -1.012993548363447189e+02
1.264559000000000196e+03 -1.022493548374623060e+02
1.265780999999999949e+03 -1.026393548361957073e+02
1.267067000000000007e+03 -1.042493548374623060e+02
1.268353000000000065e+03 -1.055293548367917538e+02
1.272210000000000036e+03 -1.093293548375368118e+02
1.273746000000000095e+03 -1.100293548367917538e+02
1.273746000000000095e+03 -1.100293548367917538e+02
1.274783000000000357e+03 -1.116893548369407654e+02
1.276081000000000131e+03 -1.129493548367172480e+02
1.277194000000000415e+03 -1.142093548364937305e+02
1.278637999999999920e+03 -1.155993548370897770e+02
1.279735999999999876e+03 -1.170793548375368118e+02
1.280990999999999985e+03 -1.186593548376113176e+02
1.282355000000000473e+03 -1.198493548370897770e+02
1.283609999999999673e+03 -1.214593548364937305e+02
1.284864999999999782e+03 -1.225993548370897770e+02
1.286134000000000015e+03 -1.242593548372387886e+02
1.287435999999999694e+03 -1.261693548373878002e+02
1.288735999999999876e+03 -1.288593548368662596e+02
1.290023000000000138e+03 -1.306193548366427422e+02
1.291074000000000524e+03 -1.332193548362702131e+02
1.292405999999999949e+03 -1.350393548365682364e+02
1.293661000000000058e+03 -1.371193548366427422e+02
1.296185000000000400e+03 -1.412793548367917538e+02
1.297440000000000509e+03 -1.450593548361212015e+02
1.298694000000000415e+03 -1.472293548360466957e+02
1.300011000000000422e+03 -1.493393548373132944e+02
1.301311999999999898e+03 -1.516093548368662596e+02
1.302628999999999905e+03 -1.537593548372387886e+02
1.303743999999999687e+03 -1.570293548367917538e+02
1.305231999999999971e+03 -1.595493548363447189e+02
1.306337999999999738e+03 -1.621893548369407654e+02
1.307632000000000517e+03 -1.652193548362702131e+02
1.308932999999999993e+03 -1.687493548374623060e+02
1.310141000000000531e+03 -1.722193548362702131e+02
1.311440999999999804e+03 -1.742193548362702131e+02
1.312978000000000065e+03 -1.776993548367172480e+02
1.312978000000000065e+03 -1.776993548367172480e+02
1.314014000000000124e+03 -1.801693548373878002e+02
1.315298999999999978e+03 -1.822293548360466957e+02
1.316820999999999913e+03 -1.854193548373878002e+02
1.316820999999999913e+03 -1.854193548373878002e+02
1.317824000000000524e+03 -1.893693548366427422e+02
1.319109999999999673e+03 -1.914093548376113176e+02
1.320426999999999680e+03 -1.947293548360466957e+02
1.321695999999999913e+03 -1.973893548361957073e+02
1.322792999999999665e+03 -1.996893548369407654e+02
1.324018000000000029e+03 -2.027893548365682364e+02
1.325318000000000211e+03 -2.052693548370152712e+02
1.326619999999999891e+03 -2.080593548361212015e+02
1.327938000000000102e+03 -2.096393548361957073e+02
1.329192000000000007e+03 -2.115293548367917538e+02
1.330493999999999687e+03 -2.118493548370897770e+02
1.331605999999999767e+03 -2.126793548371642828e+02
1.332908000000000357e+03 -2.143093548361212015e+02
1.334115999999999985e+03 -2.143493548370897770e+02
1.335590000000000146e+03 -2.160893548373132944e+02
1.336655999999999949e+03 -2.179093548376113176e+02
1.338002999999999702e+03 -2.176693548373878002e+02
1.339259000000000015e+03 -2.187093548364937305e+02
1.340560000000000400e+03 -2.187993548363447189e+02
1.341783000000000357e+03 -2.180493548363447189e+02
1.343069000000000415e+03 -2.193193548377603292e+02
1.344386000000000422e+03 -2.200193548370152712e+02
1.345657000000000153e+03 -2.198993548378348351e+02
1.346942000000000007e+03 -2.203093548361212015e+02
1.348038999999999760e+03 -2.204793548360466957e+02
1.349341999999999643e+03 -2.190493548363447189e+02
1.350610999999999876e+03 -2.176793548371642828e+02
1.351914999999999964e+03 -2.167793548367917538e+02
1.353182999999999993e+03 -2.154593548364937305e+02
1.354515000000000327e+03 -2.141093548368662596e+02
1.355612000000000080e+03 -2.128293548375368118e+02
1.356931000000000495e+03 -2.108093548361212015e+02
1.358215000000000146e+03 -2.087093548364937305e+02
1.359658999999999651e+03 -2.070593548361212015e+02
1.360755000000000109e+03 -2.048593548368662596e+02
1.362074000000000524e+03 -2.027393548376858234e+02
1.363328000000000429e+03 -2.011193548366427422e+02
1.364582000000000335e+03 -1.987893548365682364e+02
1.365851999999999862e+03 -1.966893548369407654e+02
1.367122000000000298e+03 -1.947693548370152712e+02
1.368658000000000357e+03 -1.921993548367172480e+02
1.368658000000000357e+03 -1.921993548367172480e+02
1.369676999999999680e+03 -1.896993548367172480e+02
1.370994999999999891e+03 -1.880993548370897770e+02
1.372297000000000480e+03 -1.853593548368662596e+02
1.373395000000000437e+03 -1.828893548361957073e+02
1.374685000000000400e+03 -1.814893548376858234e+02
1.375935000000000400e+03 -1.783893548361957073e+02
1.377234999999999673e+03 -1.753693548366427422e+02
1.378507000000000517e+03 -1.734493548367172480e+02
1.379807999999999993e+03 -1.700093548372387886e+02
1.381063000000000102e+03 -1.668193548377603292e+02
1.382315999999999804e+03 -1.653393548373132944e+02
1.383586000000000240e+03 -1.615893548373132944e+02
1.384856999999999971e+03 -1.584193548373878002e+02
1.386143000000000029e+03 -1.572593548372387886e+02
1.388699000000000524e+03 -1.509893548376858234e+02
1.389983000000000175e+03 -1.497093548364937305e+02
1.391270000000000437e+03 -1.473193548377603292e+02
1.392384000000000015e+03 -1.451793548371642828e+02
1.393621000000000095e+03 -1.442993548363447189e+02
1.394939000000000306e+03 -1.421993548367172480e+02
1.396256000000000313e+03 -1.399193548373878002e+02
1.397525000000000546e+03 -1.393793548364192247e+02
1.398608000000000175e+03 -1.358893548361957073e+02
1.399863000000000284e+03 -1.330993548370897770e+02
1.401115999999999985e+03 -1.323793548364192247e+02
1.402404000000000451e+03 -1.304193548373878002e+02
1.403671000000000276e+03 -1.287093548364937305e+02
1.404960000000000036e+03 -1.266793548371642828e+02
1.406212999999999738e+03 -1.236693548373878002e+02
1.407514000000000124e+03 -1.221093548368662596e+02
1.408738000000000284e+03 -1.207693548370152712e+02
1.410006000000000313e+03 -1.180493548363447189e+02
1.411309000000000196e+03 -1.165693548377603292e+02
1.412578999999999724e+03 -1.151793548371642828e+02
1.413864000000000487e+03 -1.151993548367172480e+02
1.415105000000000473e+03 -1.144293548371642828e+02
1.416373999999999796e+03 -1.138193548377603292e+02
1.417676000000000386e+03 -1.136493548378348351e+02
1.418944999999999709e+03 -1.134393548369407654e+02
1.420230000000000473e+03 -1.130693548377603292e+02
1.421279999999999745e+03 -1.136793548371642828e+02
1.422787000000000262e+03 -1.134593548364937305e+02
1.423868000000000393e+03 -1.127493548374623060e+02
1.425123000000000502e+03 -1.129493548367172480e+02
1.426440999999999804e+03 -1.126793548371642828e+02
1.427721999999999753e+03 -1.122893548365682364e+02
1.429185000000000400e+03 -1.115993548370897770e+02
1.430186999999999898e+03 -1.121293548364192247e+02
1.431458999999999833e+03 -1.116193548366427422e+02
1.435315999999999804e+03 -1.100893548373132944e+02
1.436617000000000189e+03 -1.095993548370897770e+02
1.437918999999999869e+03 -1.089593548364937305e+02
1.439203999999999724e+03 -1.080193548370152712e+02
1.440286000000000058e+03 -1.084193548373878002e+02
1.441759000000000015e+03 -1.079493548367172480e+02
1.443029999999999745e+03 -1.072793548367917538e+02
1.444095000000000255e+03 -1.070093548372387886e+02
1.445382999999999811e+03 -1.065993548370897770e+02
1.446682999999999993e+03 -1.055893548373132944e+02
1.447922999999999774e+03 -1.050593548361212015e+02
1.449253999999999905e+03 -1.050793548375368118e+02
1.450556999999999789e+03 -1.043393548373132944e+02
1.451841999999999643e+03 -1.038693548366427422e+02
1.453315999999999804e+03 -1.030693548377603292e+02
1.454382999999999811e+03 -1.025993548370897770e+02
1.455621000000000095e+03 -1.030893548373132944e+02
1.456873000000000502e+03 -1.024593548364937305e+02
1.458193000000000211e+03 -1.020193548370152712e+02
1.459493000000000393e+03 -1.014693548362702131e+02
1.460984000000000378e+03 -1.005893548373132944e+02
1.460984000000000378e+03 -1.005893548373132944e+02
1.461987000000000080e+03 -1.009393548369407654e+02
1.463257999999999811e+03 -1.006893548369407654e+02
1.464557999999999993e+03 -1.001693548373878002e+02
1.465859999999999673e+03 -9.854935483634471893e+01
1.467114000000000487e+03 -9.756935483776032925e+01
1.468212999999999738e+03 -9.858935483731329441e+01
1.469451000000000022e+03 -9.845935483649373055e+01
1.470737000000000080e+03 -9.818935483694076538e+01
1.472069999999999709e+03 -9.791935483738780022e+01
1.473355000000000473e+03 -9.848935483768582344e+01
1.474564000000000306e+03 -9.777935483679175377e+01
1.475832000000000335e+03 -9.757935483753681183e+01
1.477150999999999840e+03 -9.737935483641922474e+01
1.478451000000000022e+03 -9.728935483656823635e+01
1.479738000000000284e+03 -9.697935483604669571e+01
1.480850000000000364e+03 -9.589935483783483505e+01
1.482306999999999789e+03 -9.567935483716428280e+01
1.483391000000000531e+03 -9.538935483619570732e+01
1.484708000000000538e+03 -9.447935483604669571e+01
1.488439000000000306e+03 -9.237935483641922474e+01
1.489708999999999833e+03 -9.146935483627021313e+01
1.491027000000000044e+03 -9.131935483776032925e+01
1.492311999999999898e+03 -9.079935483634471893e+01
1.494853000000000065e+03 -8.814935483783483505e+01
1.496154999999999745e+03 -8.883935483731329441e+01
1.497237000000000080e+03 -8.771935483627021313e+01
1.498568000000000211e+03 -8.697935483604669571e+01
1.499775999999999840e+03 -8.628935483656823635e+01
1.501063000000000102e+03 -8.520935483649373055e+01
1.502614999999999782e+03 -8.564935483783483505e+01
1.502614999999999782e+03 -8.564935483783483505e+01
1.503916000000000167e+03 -8.457935483753681183e+01
1.503916000000000167e+03 -8.457935483753681183e+01
1.506238000000000284e+03 -8.376935483701527119e+01
1.507489999999999782e+03 -8.314935483783483505e+01
1.508775999999999840e+03 -8.267935483716428280e+01
1.510061999999999898e+03 -8.299935483746230602e+01
1.511333000000000538e+03 -8.249935483746230602e+01
1.512430000000000291e+03 -8.223935483768582344e+01
1.513670000000000073e+03 -8.166935483738780022e+01
1.516256000000000313e+03 -7.969935483671724796e+01
1.518827000000000226e+03 -7.838935483619570732e+01
1.520145000000000437e+03 -7.823935483768582344e+01
1.521445999999999913e+03 -7.749935483746230602e+01
1.522716999999999643e+03 -7.685935483686625957e+01
1.524016999999999825e+03 -7.651935483701527119e+01
1.525068000000000211e+03 -7.554935483634471893e+01
1.526557999999999993e+03 -7.506935483776032925e+01
1.527671000000000276e+03 -7.428935483656823635e+01
1.528958000000000538e+03 -7.473935483768582344e+01
1.530431999999999789e+03 -7.468935483694076538e+01
1.530431999999999789e+03 -7.468935483694076538e+01
1.531480999999999767e+03 -7.362935483641922474e+01
1.532768000000000029e+03 -7.287935483641922474e+01
1.534068000000000211e+03 -7.166935483738780022e+01
1.535355999999999767e+03 -7.134935483708977699e+01
1.536469000000000051e+03 -7.077935483679175377e+01
1.537942000000000007e+03 -7.050935483723878860e+01
1.539006000000000313e+03 -7.044935483671724796e+01
1.540231999999999971e+03 -6.946935483627021313e+01
1.541565000000000509e+03 -6.851935483701527119e+01
1.542819000000000415e+03 -6.733935483731329441e+01
1.544103000000000065e+03 -6.736935483664274216e+01
1.545407000000000153e+03 -6.616935483738780022e+01
1.546690999999999804e+03 -6.604935483634471893e+01
1.547962000000000444e+03 -6.501935483701527119e+01
1.549027000000000044e+03 -6.402935483679175377e+01
