2.807141000000000531e+03 -1.830893548373132944e+02
2.808253999999999905e+03 -1.825993548370897770e+02
2.809729000000000269e+03 -1.820493548363447189e+02
2.812315999999999804e+03 -1.813793548364192247e+02
2.812315999999999804e+03 -1.813793548364192247e+02
2.813413000000000466e+03 -1.811193548366427422e+02
2.814872000000000298e+03 -1.808793548364192247e+02
2.815984999999999673e+03 -1.808793548364192247e+02
2.817444000000000415e+03 -1.805893548373132944e+02
2.818572000000000116e+03 -1.803493548370897770e+02
2.820046000000000276e+03 -1.799293548371642828e+02
2.820046000000000276e+03 -1.799293548371642828e+02
2.821332000000000335e+03 -1.800793548375368118e+02
2.821332000000000335e+03 -1.800793548375368118e+02
2.822653000000000247e+03 -1.799793548360466957e+02
2.822654999999999745e+03 -1.799793548360466957e+02
2.823935999999999694e+03 -1.796893548369407654e+02
2.823935999999999694e+03 -1.796893548369407654e+02
2.826569000000000415e+03 -1.790593548361212015e+02
2.826569000000000415e+03 -1.790593548361212015e+02
2.827855000000000473e+03 -1.788493548370897770e+02
2.827855000000000473e+03 -1.788493548370897770e+02
2.830458000000000538e+03 -1.788293548375368118e+02
2.830458000000000538e+03 -1.788293548375368118e+02
2.833029999999999745e+03 -1.783893548361957073e+02
2.833029999999999745e+03 -1.783893548361957073e+02
2.835600999999999658e+03 -1.784093548376113176e+02
2.835600999999999658e+03 -1.784093548376113176e+02
2.836698000000000320e+03 -1.781593548376113176e+02
2.838189000000000306e+03 -1.780093548372387886e+02
2.839474000000000160e+03 -1.775093548372387886e+02
2.840525000000000546e+03 -1.772093548364937305e+02
2.842029999999999745e+03 -1.771793548371642828e+02
2.843158999999999651e+03 -1.773493548370897770e+02
2.844398000000000138e+03 -1.771893548369407654e+02
2.845699000000000524e+03 -1.770193548370152712e+02
2.847188000000000102e+03 -1.769193548373878002e+02
2.848287000000000262e+03 -1.766393548361957073e+02
2.849539999999999964e+03 -1.769193548373878002e+02
2.850779000000000451e+03 -1.765293548367917538e+02
2.852079999999999927e+03 -1.765593548361212015e+02
2.854934000000000196e+03 -1.763293548375368118e+02
2.854934000000000196e+03 -1.763293548375368118e+02
2.857538000000000466e+03 -1.760593548361212015e+02
2.857538000000000466e+03 -1.760593548361212015e+02
2.860063000000000102e+03 -1.758993548378348351e+02
2.860063000000000102e+03 -1.758993548378348351e+02
2.861335000000000036e+03 -1.757093548364937305e+02
2.862384000000000015e+03 -1.755393548365682364e+02
2.863904000000000451e+03 -1.752193548362702131e+02
2.865001000000000204e+03 -1.751293548364192247e+02
2.866427999999999884e+03 -1.749893548376858234e+02
2.867716000000000349e+03 -1.747093548364937305e+02
2.868828999999999724e+03 -1.743793548364192247e+02
2.870239000000000487e+03 -1.741493548378348351e+02
2.871319999999999709e+03 -1.738893548361957073e+02
2.872795000000000073e+03 -1.736993548367172480e+02
2.873859999999999673e+03 -1.736493548378348351e+02
2.875319000000000415e+03 -1.735793548375368118e+02
2.876368999999999687e+03 -1.733293548375368118e+02
2.877703000000000429e+03 -1.731993548367172480e+02
2.879159999999999854e+03 -1.728393548373132944e+02
2.880288999999999760e+03 -1.728693548366427422e+02
2.881748000000000502e+03 -1.727993548363447189e+02
2.882876000000000204e+03 -1.726493548378348351e+02
2.884365999999999985e+03 -1.725893548373132944e+02
2.885465000000000146e+03 -1.721293548364192247e+02
2.888193000000000211e+03 -1.720593548361212015e+02
2.889228000000000065e+03 -1.719193548373878002e+02
2.890733000000000175e+03 -1.717093548364937305e+02
2.891846000000000458e+03 -1.716893548369407654e+02
2.894559000000000196e+03 -1.713593548368662596e+02
2.895811999999999898e+03 -1.711493548378348351e+02
2.897068000000000211e+03 -1.710393548365682364e+02
2.898179000000000087e+03 -1.704293548371642828e+02
2.899655999999999949e+03 -1.702493548374623060e+02
2.900783999999999651e+03 -1.703493548370897770e+02
2.902194000000000415e+03 -1.703593548368662596e+02
2.903278000000000247e+03 -1.704593548364937305e+02
2.904734999999999673e+03 -1.703593548368662596e+02
2.905801000000000386e+03 -1.701993548367172480e+02
2.907275999999999840e+03 -1.697193548362702131e+02
2.908326000000000022e+03 -1.698793548364192247e+02
2.909800000000000182e+03 -1.697393548376858234e+02
2.910896999999999935e+03 -1.696093548368662596e+02
2.912150999999999840e+03 -1.698393548373132944e+02
2.913657000000000153e+03 -1.694793548360466957e+02
2.913657000000000153e+03 -1.694793548360466957e+02
2.916212000000000444e+03 -1.694093548376113176e+02
2.917279000000000451e+03 -1.695793548375368118e+02
2.918601999999999862e+03 -1.695193548370152712e+02
2.920069999999999709e+03 -1.697893548365682364e+02
2.920069999999999709e+03 -1.697893548365682364e+02
2.922641999999999825e+03 -1.698093548361212015e+02
2.923739999999999782e+03 -1.695393548365682364e+02
2.924976999999999862e+03 -1.696793548371642828e+02
2.926483000000000175e+03 -1.695593548361212015e+02
2.927590000000000146e+03 -1.695493548363447189e+02
2.929055000000000291e+03 -1.692893548365682364e+02
2.930136000000000422e+03 -1.692393548376858234e+02
2.931610999999999876e+03 -1.693893548361957073e+02
2.932724000000000160e+03 -1.695193548370152712e+02
2.934181999999999789e+03 -1.695493548363447189e+02
2.935436999999999898e+03 -1.695493548363447189e+02
2.936533999999999651e+03 -1.698393548373132944e+02
2.937992000000000189e+03 -1.697893548365682364e+02
2.939136999999999716e+03 -1.696993548367172480e+02
2.940391999999999825e+03 -1.696193548366427422e+02
2.944436999999999898e+03 -1.693193548377603292e+02
2.945519000000000233e+03 -1.690693548377603292e+02
2.946931999999999789e+03 -1.688493548370897770e+02
2.948184000000000196e+03 -1.689293548371642828e+02
2.949266000000000531e+03 -1.688693548366427422e+02
2.950770999999999731e+03 -1.689793548360466957e+02
2.951822000000000116e+03 -1.690293548367917538e+02
2.953311999999999898e+03 -1.690793548375368118e+02
2.954393000000000029e+03 -1.690793548375368118e+02
2.955819999999999709e+03 -1.690293548367917538e+02
2.957122000000000298e+03 -1.689393548369407654e+02
2.959694999999999709e+03 -1.688793548364192247e+02
2.960965000000000146e+03 -1.689593548364937305e+02
2.962046000000000276e+03 -1.690293548367917538e+02
2.963489000000000487e+03 -1.690193548370152712e+02
2.964743999999999687e+03 -1.687493548374623060e+02
2.966060999999999694e+03 -1.688793548364192247e+02
2.967204999999999927e+03 -1.686293548364192247e+02
2.968442000000000007e+03 -1.682293548360466957e+02
2.969948000000000320e+03 -1.683393548373132944e+02
2.971067000000000007e+03 -1.689993548374623060e+02
2.972503999999999905e+03 -1.688593548368662596e+02
2.973618000000000393e+03 -1.686893548369407654e+02
2.974856999999999971e+03 -1.687093548364937305e+02
2.976349000000000160e+03 -1.686293548364192247e+02
2.977444999999999709e+03 -1.687593548372387886e+02
2.978902000000000044e+03 -1.685293548367917538e+02
2.979967999999999847e+03 -1.685093548372387886e+02
2.981426000000000386e+03 -1.683193548377603292e+02
2.982538999999999760e+03 -1.682293548360466957e+02
2.984060999999999694e+03 -1.679993548374623060e+02
2.984060999999999694e+03 -1.679993548374623060e+02
2.985112000000000080e+03 -1.681893548369407654e+02
2.986694999999999709e+03 -1.678093548361212015e+02
2.986694999999999709e+03 -1.678093548361212015e+02
2.989189000000000306e+03 -1.676093548368662596e+02
2.989189000000000306e+03 -1.676093548368662596e+02
2.990270000000000437e+03 -1.673893548361957073e+02
2.992795000000000073e+03 -1.673793548364192247e+02
2.994315999999999804e+03 -1.670493548363447189e+02
2.994315999999999804e+03 -1.670493548363447189e+02
2.996872000000000298e+03 -1.669693548362702131e+02
2.997984999999999673e+03 -1.667993548363447189e+02
2.999443000000000211e+03 -1.667593548372387886e+02
3.000541000000000167e+03 -1.664393548369407654e+02
3.001793999999999869e+03 -1.664593548364937305e+02
3.003332000000000335e+03 -1.664693548362702131e+02
3.003332000000000335e+03 -1.664693548362702131e+02
3.005918999999999869e+03 -1.667593548372387886e+02
3.005918999999999869e+03 -1.667593548372387886e+02
3.007000000000000000e+03 -1.667293548360466957e+02
3.008210000000000036e+03 -1.666293548364192247e+02
3.009556000000000495e+03 -1.666693548373878002e+02
3.010984000000000378e+03 -1.666593548376113176e+02
3.012284999999999854e+03 -1.664493548367172480e+02
3.014810000000000400e+03 -1.663593548368662596e+02
3.015891000000000531e+03 -1.660793548375368118e+02
3.017381000000000313e+03 -1.660893548373132944e+02
3.018479000000000269e+03 -1.661393548361957073e+02
3.021192000000000007e+03 -1.661093548368662596e+02
3.022493999999999687e+03 -1.662693548370152712e+02
3.023576000000000022e+03 -1.661193548366427422e+02
3.025047999999999774e+03 -1.662993548363447189e+02
3.025047999999999774e+03 -1.662993548363447189e+02
3.026131000000000313e+03 -1.665693548377603292e+02
3.027384000000000015e+03 -1.665893548373132944e+02
3.028686999999999898e+03 -1.665093548372387886e+02
3.030145999999999731e+03 -1.664493548367172480e+02
3.031242000000000189e+03 -1.664293548371642828e+02
3.032528000000000247e+03 -1.666093548368662596e+02
3.033940000000000509e+03 -1.665893548373132944e+02
3.035069000000000415e+03 -1.663393548373132944e+02
3.036557999999999993e+03 -1.661793548371642828e+02
3.037640000000000327e+03 -1.661593548376113176e+02
3.039114000000000487e+03 -1.661793548371642828e+02
3.040384000000000015e+03 -1.660893548373132944e+02
3.041449999999999818e+03 -1.660093548372387886e+02
3.043192000000000007e+03 -1.661593548376113176e+02
3.043192000000000007e+03 -1.661593548376113176e+02
3.044006000000000313e+03 -1.659793548360466957e+02
3.045528000000000247e+03 -1.658893548361957073e+02
3.046640000000000327e+03 -1.659293548371642828e+02
3.048083999999999833e+03 -1.658793548364192247e+02
3.049197000000000116e+03 -1.658993548378348351e+02
3.050702000000000226e+03 -1.662293548360466957e+02
3.050702000000000226e+03 -1.662293548360466957e+02
3.051987000000000080e+03 -1.663093548361212015e+02
3.051987000000000080e+03 -1.663093548361212015e+02
3.053069999999999709e+03 -1.662893548365682364e+02
3.054324999999999818e+03 -1.664093548376113176e+02
3.055782000000000153e+03 -1.665393548365682364e+02
3.056908999999999651e+03 -1.665593548361212015e+02
3.058323000000000320e+03 -1.668393548373132944e+02
3.059608000000000175e+03 -1.664993548374623060e+02
3.060737000000000080e+03 -1.665393548365682364e+02
3.062198000000000320e+03 -1.664693548362702131e+02
3.063278000000000247e+03 -1.664393548369407654e+02
3.064735999999999876e+03 -1.669393548369407654e+02
3.065817000000000007e+03 -1.667193548362702131e+02
3.067088999999999942e+03 -1.663893548361957073e+02
3.068594000000000051e+03 -1.661793548371642828e+02
3.068595000000000255e+03 -1.661793548371642828e+02
3.073734999999999673e+03 -1.663493548370897770e+02
3.074833000000000538e+03 -1.662893548365682364e+02
3.076244999999999891e+03 -1.667393548376858234e+02
3.077546000000000276e+03 -1.665093548372387886e+02
3.077546000000000276e+03 -1.665093548372387886e+02
3.078658000000000357e+03 -1.661993548367172480e+02
3.080070999999999913e+03 -1.661693548373878002e+02
3.081153000000000247e+03 -1.658993548378348351e+02
3.082658999999999651e+03 -1.657693548370152712e+02
3.083770000000000437e+03 -1.657293548360466957e+02
3.085213999999999942e+03 -1.659493548367172480e+02
3.086341999999999643e+03 -1.659193548373878002e+02
3.087801999999999680e+03 -1.661693548373878002e+02
3.088898000000000138e+03 -1.661593548376113176e+02
3.090358000000000175e+03 -1.659993548374623060e+02
3.091501000000000204e+03 -1.662093548364937305e+02
3.092944000000000415e+03 -1.661093548368662596e+02
3.094033999999999651e+03 -1.658193548377603292e+02
3.095500000000000000e+03 -1.657593548372387886e+02
3.096597999999999956e+03 -1.656993548367172480e+02
3.098056000000000495e+03 -1.656093548368662596e+02
3.099123000000000502e+03 -1.659093548376113176e+02
3.100658999999999651e+03 -1.658393548373132944e+02
3.101961000000000240e+03 -1.657393548376858234e+02
3.101962000000000444e+03 -1.657393548376858234e+02
3.103059000000000196e+03 -1.656393548361957073e+02
3.104516000000000531e+03 -1.658593548368662596e+02
3.105643000000000029e+03 -1.659893548376858234e+02
3.107056999999999789e+03 -1.660693548377603292e+02
3.108168999999999869e+03 -1.659393548369407654e+02
3.109675000000000182e+03 -1.656493548378348351e+02
3.109675000000000182e+03 -1.656493548378348351e+02
3.110788000000000466e+03 -1.657193548362702131e+02
3.112247000000000298e+03 -1.655193548370152712e+02
3.113373999999999796e+03 -1.653693548366427422e+02
3.114819999999999709e+03 -1.651493548378348351e+02
3.116103000000000065e+03 -1.651093548368662596e+02
3.117185999999999694e+03 -1.649493548367172480e+02
3.118471999999999753e+03 -1.652093548364937305e+02
3.119788000000000466e+03 -1.649093548376113176e+02
3.121278000000000247e+03 -1.648393548373132944e+02
3.122391000000000531e+03 -1.648893548361957073e+02
3.123865999999999985e+03 -1.650993548370897770e+02
3.124947000000000116e+03 -1.652293548360466957e+02
3.126438000000000102e+03 -1.652593548372387886e+02
3.127536000000000058e+03 -1.651793548371642828e+02
3.129009000000000015e+03 -1.650493548363447189e+02
3.130088999999999942e+03 -1.656293548364192247e+02
3.131595000000000255e+03 -1.658193548377603292e+02
3.132698000000000320e+03 -1.658293548375368118e+02
3.134119999999999891e+03 -1.657893548365682364e+02
3.135216999999999643e+03 -1.658493548370897770e+02
3.136692000000000007e+03 -1.656793548371642828e+02
3.137819999999999709e+03 -1.653893548361957073e+02
3.139074000000000524e+03 -1.653593548368662596e+02
3.140362000000000080e+03 -1.650393548365682364e+02
3.141819999999999709e+03 -1.650793548375368118e+02
3.142932999999999993e+03 -1.651593548376113176e+02
3.144376000000000204e+03 -1.651393548361957073e+02
3.145458000000000538e+03 -1.653593548368662596e+02
3.146931000000000495e+03 -1.652393548376858234e+02
3.147997000000000298e+03 -1.653293548375368118e+02
3.149487000000000080e+03 -1.650393548365682364e+02
3.150552999999999884e+03 -1.651593548376113176e+02
3.152059000000000196e+03 -1.648593548368662596e+02
3.153186999999999898e+03 -1.644093548376113176e+02
3.154630000000000109e+03 -1.643193548377603292e+02
3.155743000000000393e+03 -1.641693548373878002e+02
3.157186999999999898e+03 -1.643493548370897770e+02
3.158470000000000255e+03 -1.645093548372387886e+02
3.159788999999999760e+03 -1.647893548365682364e+02
3.160886999999999716e+03 -1.648393548373132944e+02
3.162313000000000102e+03 -1.648993548378348351e+02
3.163363000000000284e+03 -1.646893548369407654e+02
3.164837999999999738e+03 -1.648793548364192247e+02
3.165966000000000349e+03 -1.651593548376113176e+02
3.167440999999999804e+03 -1.652193548362702131e+02
3.168520999999999731e+03 -1.651493548378348351e+02
3.169949999999999818e+03 -1.648993548378348351e+02
3.171078000000000429e+03 -1.647993548363447189e+02
3.172395000000000437e+03 -1.648493548370897770e+02
3.173806999999999789e+03 -1.652293548360466957e+02
3.175076000000000022e+03 -1.651493548378348351e+02
3.176190000000000509e+03 -1.652093548364937305e+02
3.177694999999999709e+03 -1.653893548361957073e+02
3.177694999999999709e+03 -1.653893548361957073e+02
3.178761999999999716e+03 -1.654193548373878002e+02
3.180235999999999876e+03 -1.652093548364937305e+02
3.181349000000000160e+03 -1.654493548367172480e+02
3.182807999999999993e+03 -1.652993548363447189e+02
3.183858000000000175e+03 -1.655993548370897770e+02
3.185315000000000509e+03 -1.655193548370152712e+02
3.186822000000000116e+03 -1.653893548361957073e+02
3.186822000000000116e+03 -1.653893548361957073e+02
3.189362000000000080e+03 -1.655193548370152712e+02
3.189362000000000080e+03 -1.655193548370152712e+02
3.191931999999999789e+03 -1.652093548364937305e+02
3.191931999999999789e+03 -1.652093548364937305e+02
3.193188000000000102e+03 -1.651793548371642828e+02
3.193188000000000102e+03 -1.651793548371642828e+02
3.194301999999999680e+03 -1.650593548361212015e+02
3.195791000000000167e+03 -1.650593548361212015e+02
3.195792000000000371e+03 -1.650593548361212015e+02
3.196873999999999796e+03 -1.650493548363447189e+02
3.199680000000000291e+03 -1.649293548371642828e+02
3.199680000000000291e+03 -1.649293548371642828e+02
3.203567000000000007e+03 -1.650993548370897770e+02
3.203567000000000007e+03 -1.650993548370897770e+02
3.206123999999999796e+03 -1.651693548373878002e+02
3.206123999999999796e+03 -1.651693548373878002e+02
3.207440999999999804e+03 -1.651593548376113176e+02
3.207443000000000211e+03 -1.651593548376113176e+02
3.208304000000000087e+03 -1.650493548363447189e+02
3.209792000000000371e+03 -1.647593548372387886e+02
3.210876000000000204e+03 -1.650693548377603292e+02
3.212202000000000226e+03 -1.648893548361957073e+02
3.213603000000000065e+03 -1.648993548378348351e+02
3.214890000000000327e+03 -1.647293548360466957e+02
3.216034999999999854e+03 -1.645993548370897770e+02
3.217492000000000189e+03 -1.648993548378348351e+02
3.218594000000000051e+03 -1.647793548367917538e+02
3.220047000000000480e+03 -1.649793548360466957e+02
3.221145000000000437e+03 -1.649793548360466957e+02
3.222573000000000320e+03 -1.648893548361957073e+02
3.223685000000000400e+03 -1.647493548374623060e+02
3.225175000000000182e+03 -1.645693548377603292e+02
3.226240999999999985e+03 -1.647093548364937305e+02
3.227731999999999971e+03 -1.648693548366427422e+02
3.228859999999999673e+03 -1.647093548364937305e+02
3.230319000000000415e+03 -1.643693548366427422e+02
3.231431999999999789e+03 -1.643393548373132944e+02
3.232921000000000276e+03 -1.641493548378348351e+02
3.234034999999999854e+03 -1.642093548364937305e+02
3.235492000000000189e+03 -1.640993548370897770e+02
3.236574999999999818e+03 -1.640693548377603292e+02
3.238032000000000153e+03 -1.640893548373132944e+02
3.239114000000000487e+03 -1.641393548361957073e+02
3.240556999999999789e+03 -1.640493548363447189e+02
3.241655999999999949e+03 -1.637793548367917538e+02
3.242925000000000182e+03 -1.635593548361212015e+02
3.244476999999999862e+03 -1.636293548364192247e+02
3.244476999999999862e+03 -1.636293548364192247e+02
3.247079999999999927e+03 -1.635193548370152712e+02
3.247079999999999927e+03 -1.635193548370152712e+02
3.249605000000000473e+03 -1.632093548364937305e+02
3.250685999999999694e+03 -1.631293548364192247e+02
3.252114999999999782e+03 -1.629793548360466957e+02
3.253414999999999964e+03 -1.631593548376113176e+02
3.254496000000000095e+03 -1.632693548370152712e+02
3.255940000000000509e+03 -1.634493548367172480e+02
3.257083999999999833e+03 -1.635493548363447189e+02
3.258557999999999993e+03 -1.633093548361212015e+02
3.261131000000000313e+03 -1.634193548373878002e+02
3.261131000000000313e+03 -1.634193548373878002e+02
3.263702000000000226e+03 -1.633393548373132944e+02
3.264987000000000080e+03 -1.634393548369407654e+02
3.266085000000000036e+03 -1.634193548373878002e+02
3.267574000000000524e+03 -1.634593548364937305e+02
3.271431999999999789e+03 -1.636193548366427422e+02
3.272497000000000298e+03 -1.637493548374623060e+02
3.274003999999999905e+03 -1.640593548361212015e+02
3.275115999999999985e+03 -1.641093548368662596e+02
3.276543999999999869e+03 -1.641593548376113176e+02
3.277641000000000531e+03 -1.643293548375368118e+02
3.279115999999999985e+03 -1.643993548378348351e+02
3.280212999999999738e+03 -1.646993548367172480e+02
3.281671000000000276e+03 -1.646993548367172480e+02
3.282768000000000029e+03 -1.647493548374623060e+02
3.284194999999999709e+03 -1.644493548367172480e+02
3.285684000000000196e+03 -1.644193548373878002e+02
3.285684000000000196e+03 -1.644193548373878002e+02
3.286987000000000080e+03 -1.647093548364937305e+02
3.286987000000000080e+03 -1.647093548364937305e+02
3.289510000000000218e+03 -1.646393548361957073e+02
3.289510000000000218e+03 -1.646393548361957073e+02
3.292065999999999804e+03 -1.645593548361212015e+02
3.292065999999999804e+03 -1.645593548361212015e+02
3.294654000000000451e+03 -1.648493548370897770e+02
3.294654000000000451e+03 -1.648493548370897770e+02
3.297304000000000087e+03 -1.648693548366427422e+02
3.297304000000000087e+03 -1.648693548366427422e+02
3.299859000000000378e+03 -1.649193548373878002e+02
3.299859000000000378e+03 -1.649193548373878002e+02
3.301176999999999680e+03 -1.646493548378348351e+02
3.301176999999999680e+03 -1.646493548378348351e+02
3.303731999999999971e+03 -1.643393548373132944e+02
3.303731999999999971e+03 -1.643393548373132944e+02
3.304814000000000306e+03 -1.644193548373878002e+02
3.306319999999999709e+03 -1.647093548364937305e+02
3.307355000000000473e+03 -1.648693548366427422e+02
3.308699000000000524e+03 -1.648693548366427422e+02
3.310161000000000058e+03 -1.648193548377603292e+02
3.311275000000000546e+03 -1.651193548366427422e+02
3.312685999999999694e+03 -1.652693548370152712e+02
3.313989000000000487e+03 -1.655193548370152712e+02
3.315115999999999985e+03 -1.656593548376113176e+02
3.316605999999999767e+03 -1.657393548376858234e+02
3.316606999999999971e+03 -1.657393548376858234e+02
3.317720000000000255e+03 -1.655393548365682364e+02
3.319177999999999884e+03 -1.652693548370152712e+02
3.320274000000000342e+03 -1.650793548375368118e+02
3.321748999999999796e+03 -1.649693548362702131e+02
3.322860999999999876e+03 -1.651893548369407654e+02
3.324306000000000495e+03 -1.650893548373132944e+02
3.325369999999999891e+03 -1.650993548370897770e+02
3.326860999999999876e+03 -1.651293548364192247e+02
3.327974000000000160e+03 -1.651393548361957073e+02
3.329432999999999993e+03 -1.651593548376113176e+02
3.330529999999999745e+03 -1.650993548370897770e+02
3.331988000000000284e+03 -1.652093548364937305e+02
3.333134000000000015e+03 -1.652293548360466957e+02
3.334528000000000247e+03 -1.651493548378348351e+02
3.335595000000000255e+03 -1.650593548361212015e+02
3.337069000000000415e+03 -1.650293548367917538e+02
3.338197000000000116e+03 -1.648993548378348351e+02
3.339657000000000153e+03 -1.647593548372387886e+02
3.340784999999999854e+03 -1.646693548373878002e+02
3.342274000000000342e+03 -1.645193548370152712e+02
3.343560000000000400e+03 -1.646193548366427422e+02
3.343560000000000400e+03 -1.646193548366427422e+02
3.344641000000000531e+03 -1.646593548376113176e+02
3.346069999999999709e+03 -1.645193548370152712e+02
3.347355000000000473e+03 -1.646293548364192247e+02
3.348484999999999673e+03 -1.648693548366427422e+02
3.349940999999999804e+03 -1.650493548363447189e+02
3.350992000000000189e+03 -1.649693548362702131e+02
3.352481999999999971e+03 -1.649393548369407654e+02
3.353564000000000306e+03 -1.649793548360466957e+02
3.355037000000000262e+03 -1.649593548364937305e+02
3.356307999999999993e+03 -1.652693548370152712e+02
3.357426999999999680e+03 -1.654693548362702131e+02
3.358817000000000007e+03 -1.653693548366427422e+02
3.359853000000000065e+03 -1.653593548368662596e+02
3.361389000000000124e+03 -1.655393548365682364e+02
3.362533999999999651e+03 -1.653893548361957073e+02
3.363960000000000036e+03 -1.653793548364192247e+02
3.365105000000000473e+03 -1.660493548363447189e+02
3.366595000000000255e+03 -1.662993548363447189e+02
3.367662000000000262e+03 -1.664293548371642828e+02
3.368976999999999862e+03 -1.663893548361957073e+02
3.370436999999999898e+03 -1.662193548362702131e+02
3.371547999999999774e+03 -1.699293548371642828e+02
3.374307999999999993e+03 -1.693093548361212015e+02
3.375407000000000153e+03 -1.690693548377603292e+02
3.376817000000000007e+03 -1.687893548365682364e+02
3.377885000000000218e+03 -1.684993548374623060e+02
3.379389000000000124e+03 -1.683593548368662596e+02
3.380502999999999702e+03 -1.684893548376858234e+02
3.381961000000000240e+03 -1.684393548369407654e+02
3.383074999999999818e+03 -1.684893548376858234e+02
3.384579999999999927e+03 -1.684193548373878002e+02
3.385694000000000415e+03 -1.683593548368662596e+02
3.387184000000000196e+03 -1.681493548378348351e+02
3.388484000000000378e+03 -1.679293548371642828e+02
3.389565000000000509e+03 -1.678093548361212015e+02
3.391024000000000342e+03 -1.678193548377603292e+02
3.392091000000000349e+03 -1.681893548369407654e+02
3.393643000000000029e+03 -1.680393548365682364e+02
3.393643000000000029e+03 -1.680393548365682364e+02
3.397484000000000378e+03 -1.677093548364937305e+02
3.400069999999999709e+03 -1.679993548374623060e+02
3.400069999999999709e+03 -1.679993548374623060e+02
3.402658999999999651e+03 -1.676293548364192247e+02
3.402658999999999651e+03 -1.676293548364192247e+02
3.405246000000000095e+03 -1.676293548364192247e+02
3.405246000000000095e+03 -1.676293548364192247e+02
3.407864999999999782e+03 -1.673393548373132944e+02
3.407864999999999782e+03 -1.673393548373132944e+02
3.410436999999999898e+03 -1.670493548363447189e+02
3.410438000000000102e+03 -1.670493548363447189e+02
3.412993000000000393e+03 -1.666393548361957073e+02
3.412993000000000393e+03 -1.666393548361957073e+02
3.415548999999999978e+03 -1.663593548368662596e+02
3.415548999999999978e+03 -1.663593548368662596e+02
3.418104000000000269e+03 -1.660093548372387886e+02
3.418104000000000269e+03 -1.660093548372387886e+02
3.420721999999999753e+03 -1.655993548370897770e+02
3.420721999999999753e+03 -1.655993548370897770e+02
3.422038999999999760e+03 -1.653093548361212015e+02
3.422038999999999760e+03 -1.653093548361212015e+02
3.424564000000000306e+03 -1.651593548376113176e+02
3.424564000000000306e+03 -1.651593548376113176e+02
3.425614999999999782e+03 -1.649993548374623060e+02
3.427135000000000218e+03 -1.648993548378348351e+02
3.428264000000000124e+03 -1.652193548362702131e+02
3.429738000000000284e+03 -1.650093548372387886e+02
3.430851999999999862e+03 -1.647593548372387886e+02
3.432310000000000400e+03 -1.645493548363447189e+02
3.433423999999999978e+03 -1.635693548377603292e+02
3.434882999999999811e+03 -1.636293548364192247e+02
3.436027000000000044e+03 -1.617993548363447189e+02
3.437279000000000451e+03 -1.615993548370897770e+02
3.438770000000000437e+03 -1.615193548370152712e+02
3.439899000000000342e+03 -1.614493548367172480e+02
3.441387999999999920e+03 -1.618693548366427422e+02
3.441387999999999920e+03 -1.618693548366427422e+02
