1.518827000000000226e+03 8.362541191066999602e+01
1.520145000000000437e+03 8.285841191066953115e+01
1.521445999999999913e+03 8.372541191066940769e+01
1.522716999999999643e+03 8.437841191067003876e+01
1.524016999999999825e+03 8.395141191067014574e+01
1.525068000000000211e+03 8.495141191066940678e+01
1.526557999999999993e+03 8.562541191066939916e+01
1.527671000000000276e+03 8.637841191066944191e+01
1.528958000000000538e+03 8.505141191066968531e+01
1.530431999999999789e+03 8.446541191066934573e+01
1.530431999999999789e+03 8.446541191066934573e+01
1.531480999999999767e+03 8.579841191066941519e+01
1.532768000000000029e+03 8.647141191066992860e+01
1.534068000000000211e+03 8.816541191066993122e+01
1.535355999999999767e+03 8.820541191066969589e+01
1.536469000000000051e+03 8.869841191066953456e+01
1.537942000000000007e+03 8.815141191066949489e+01
1.539006000000000313e+03 8.742541191066997897e+01
1.540231999999999971e+03 8.850541191066963620e+01
1.541565000000000509e+03 8.970541191066945430e+01
1.542819000000000415e+03 9.143141191066996498e+01
1.544103000000000065e+03 9.044541191066939234e+01
1.545407000000000153e+03 9.211841191067004786e+01
1.546690999999999804e+03 9.185141191067006616e+01
1.547962000000000444e+03 9.300541191066980673e+01
1.549027000000000044e+03 9.409141191066977683e+01
1.550314000000000306e+03 9.396541191067016996e+01
1.551630000000000109e+03 9.248541191066942702e+01
1.552869999999999891e+03 9.149141191066959777e+01
1.554154999999999745e+03 9.162541191067019497e+01
1.555472999999999956e+03 9.075141191066965973e+01
1.556743000000000393e+03 9.009841191066989552e+01
1.558027000000000044e+03 8.963141191066937097e+01
1.559266999999999825e+03 8.955841191066963347e+01
1.561840000000000146e+03 8.875841191067004843e+01
1.563139000000000124e+03 8.916541191067005911e+01
1.564440999999999804e+03 8.781841191066955332e+01
1.565695999999999913e+03 8.749141191066993883e+01
1.566980999999999767e+03 8.692541191066948159e+01
1.568237000000000080e+03 8.637841191066944191e+01
1.569489999999999782e+03 8.660541191066964473e+01
1.570792999999999665e+03 8.631841191066979491e+01
1.572061999999999898e+03 8.570541191066979536e+01
1.573127000000000407e+03 8.571841191066988586e+01
1.574429000000000087e+03 8.561141191066982969e+01
1.575670000000000073e+03 8.549141191066966883e+01
1.578256000000000313e+03 8.407141191066943975e+01
1.579570999999999913e+03 8.318541191067001250e+01
1.580889000000000124e+03 8.109841191066956867e+01
1.581971999999999753e+03 8.063141191066991098e+01
1.583445999999999913e+03 8.009141191066964893e+01
1.584494999999999891e+03 7.998541191066993861e+01
1.585766999999999825e+03 7.990541191066954241e+01
1.587051999999999680e+03 7.977141191066981207e+01
1.588338999999999942e+03 7.847141191066972965e+01
1.591193000000000211e+03 7.566541191066957595e+01
1.591193000000000211e+03 7.566541191066957595e+01
1.592211000000000240e+03 7.563841191066990177e+01
1.593511999999999716e+03 7.507141191066997976e+01
1.594814000000000306e+03 7.514541191067004888e+01
1.596100000000000364e+03 7.457141191066946817e+01
1.597181999999999789e+03 7.309841191066936972e+01
1.598671000000000276e+03 7.309141191066959209e+01
1.599721999999999753e+03 7.288541191066960323e+01
1.601037000000000262e+03 7.221841191066940269e+01
1.602310000000000400e+03 7.237841191067018087e+01
1.603578000000000429e+03 7.235141191066965405e+01
1.605115999999999985e+03 7.115841191066962779e+01
1.605115999999999985e+03 7.115841191066962779e+01
1.606135000000000218e+03 6.933841191067001830e+01
1.607657000000000153e+03 6.974541191067002899e+01
1.607657000000000153e+03 6.974541191067002899e+01
1.608690999999999804e+03 6.955141191066979900e+01
1.609992000000000189e+03 6.993841191066992735e+01
1.611278000000000247e+03 7.002541191067010118e+01
1.612595000000000255e+03 6.915841191066935778e+01
1.613692000000000007e+03 6.851141191066990643e+01
1.614980000000000473e+03 6.911141191066980127e+01
1.616248000000000502e+03 6.694541191067018815e+01
1.617550000000000182e+03 6.666541191067011596e+01
1.618788000000000466e+03 6.737841191066951296e+01
1.620088999999999942e+03 6.755141191066952899e+01
1.621345000000000255e+03 6.706541191066946794e+01
1.622645000000000437e+03 6.671141191067017928e+01
1.623931999999999789e+03 6.672541191066974875e+01
1.626488000000000284e+03 6.583841191066998988e+01
1.627789999999999964e+03 6.570541191066973852e+01
1.629074999999999818e+03 6.545141191066986153e+01
1.630346000000000458e+03 6.482541191066975728e+01
1.631645999999999731e+03 6.383141191066994224e+01
1.632712000000000444e+03 6.339841191066973636e+01
1.633984000000000378e+03 6.375841191067019764e+01
1.635268000000000029e+03 6.321841191066993559e+01
1.636539999999999964e+03 6.320541191066983799e+01
1.638059000000000196e+03 6.307141191067011476e+01
1.638059000000000196e+03 6.307141191067011476e+01
1.639109999999999673e+03 6.245141191066946362e+01
1.640662000000000262e+03 6.169141191066963614e+01
1.640662000000000262e+03 6.169141191066963614e+01
1.641713999999999942e+03 5.984541191066984567e+01
1.642984000000000378e+03 5.983841191067006093e+01
1.644284999999999854e+03 6.141841191066934869e+01
1.645398000000000138e+03 6.281141191066992491e+01
1.646886999999999716e+03 6.318541191066996277e+01
1.647936999999999898e+03 6.165141191066987858e+01
1.649239999999999782e+03 6.189141191067018610e+01
1.650525000000000546e+03 6.122541191066945743e+01
1.651841999999999643e+03 6.139841191066947346e+01
1.653127000000000407e+03 6.271841191066943821e+01
1.654257999999999811e+03 6.317141191066951933e+01
1.655511999999999716e+03 6.351841191066989012e+01
1.656783000000000357e+03 6.382541191066962938e+01
1.658083999999999833e+03 6.333141191066943776e+01
1.659353000000000065e+03 6.367141191067002381e+01
1.660655999999999949e+03 6.381841191066984464e+01
1.661940000000000509e+03 6.425141191067004343e+01
1.663431000000000495e+03 6.462541191067008128e+01
1.663431000000000495e+03 6.462541191067008128e+01
1.665737000000000080e+03 6.383141191066994224e+01
1.666818000000000211e+03 6.373841191066944845e+01
1.668309000000000196e+03 6.387141191066969981e+01
1.669368000000000393e+03 6.389141191066958214e+01
1.670863000000000284e+03 6.428541191066949523e+01
1.671958999999999833e+03 6.395841191066988074e+01
1.673168999999999869e+03 6.331141191066955543e+01
1.674689000000000306e+03 6.284541191066937671e+01
1.675707000000000335e+03 6.240541191066938609e+01
1.677259000000000015e+03 6.275141191066941815e+01
1.677259000000000015e+03 6.275141191066941815e+01
1.678295000000000073e+03 6.234541191066974619e+01
1.679815000000000509e+03 6.409141191067013210e+01
1.679815000000000509e+03 6.409141191067013210e+01
1.680835000000000036e+03 6.455841191066978979e+01
1.682403000000000247e+03 6.441141191066996896e+01
1.682403000000000247e+03 6.441141191066996896e+01
1.683438000000000102e+03 6.403141191066961824e+01
1.684708000000000538e+03 6.346541191067003496e+01
1.685994999999999891e+03 6.269141191066977115e+01
1.687092999999999847e+03 6.335141191067018696e+01
1.688408000000000357e+03 6.294541191066964814e+01
1.689632999999999811e+03 6.231841191067007912e+01
1.690916000000000167e+03 6.247141191066934596e+01
1.692359999999999673e+03 6.302541191067004434e+01
1.693426000000000386e+03 6.420541191066998010e+01
1.694697000000000116e+03 6.428541191066949523e+01
1.696171000000000276e+03 6.469841191066981878e+01
1.697283999999999651e+03 6.475841191066946578e+01
1.698489000000000487e+03 6.529141191066993599e+01
1.699761999999999716e+03 6.493841191067012630e+01
1.701061999999999898e+03 6.495141191066936415e+01
1.702286000000000058e+03 6.608541191067008924e+01
1.703569999999999709e+03 6.623841191066935608e+01
1.704826000000000022e+03 6.680541191067014495e+01
1.706096000000000458e+03 6.667141191066954775e+01
1.707396999999999935e+03 6.569841191066996089e+01
1.708934000000000196e+03 6.549841191066940382e+01
1.708934000000000196e+03 6.549841191066940382e+01
1.711192000000000007e+03 6.618541191066948670e+01
1.712697000000000116e+03 6.601141191067000591e+01
1.712697000000000116e+03 6.601141191067000591e+01
1.713795000000000073e+03 6.637841191066938507e+01
1.715252999999999702e+03 6.675141191066994395e+01
1.716350999999999658e+03 6.573841191066971135e+01
1.718907000000000153e+03 6.584541191066978172e+01
1.720222999999999956e+03 6.554541191066982719e+01
1.721525000000000546e+03 6.654541191066995509e+01
1.722608000000000175e+03 6.602541191066957538e+01
1.723862000000000080e+03 6.660541191066960209e+01
1.725132999999999811e+03 6.721841191066960164e+01
1.726386000000000422e+03 6.701141191067013381e+01
1.727688000000000102e+03 6.763841191066970282e+01
1.729239000000000487e+03 6.803141191067014404e+01
1.729239000000000487e+03 6.803141191067014404e+01
1.731796000000000276e+03 6.909141191066993315e+01
1.731796000000000276e+03 6.909141191066993315e+01
1.732815999999999804e+03 6.946541191066995680e+01
1.735619999999999891e+03 6.925841191066962210e+01
1.735621000000000095e+03 6.925841191066962210e+01
1.737989999999999782e+03 7.091141191066952842e+01
1.739305000000000291e+03 7.045141191066966257e+01
1.740373999999999796e+03 7.122541191066991928e+01
1.741673999999999978e+03 7.153141191067018667e+01
1.742944999999999709e+03 7.167141191066934880e+01
1.744230999999999767e+03 7.167141191066934880e+01
1.745501000000000204e+03 6.916541191067000227e+01
1.748356999999999971e+03 6.971141191066971032e+01
1.748359999999999673e+03 6.971141191066971032e+01
1.750644000000000233e+03 7.012541191066951285e+01
1.751958999999999833e+03 7.019141191066947272e+01
1.753247000000000298e+03 7.019841191067011721e+01
1.754547000000000480e+03 7.014541191066939518e+01
1.755708000000000538e+03 6.999841191066957435e+01
1.757150999999999840e+03 6.887841191067015245e+01
1.758231999999999971e+03 6.842541191067006423e+01
1.759469000000000051e+03 6.851841191066968406e+01
1.760992000000000189e+03 6.829141191066946703e+01
1.760992000000000189e+03 6.829141191066946703e+01
1.762027000000000044e+03 6.815841191067009674e+01
1.763563000000000102e+03 6.815841191067009674e+01
1.763563000000000102e+03 6.815841191067009674e+01
1.764599000000000160e+03 6.789141191067011505e+01
1.766150999999999840e+03 6.633841191066962040e+01
1.766150999999999840e+03 6.633841191066962040e+01
1.767186999999999898e+03 6.719141191066994168e+01
1.768487000000000080e+03 6.731141191067008833e+01
1.769774000000000342e+03 6.798541191067008072e+01
1.770840000000000146e+03 6.701841191066992565e+01
1.772125000000000000e+03 6.720541191066951114e+01
1.773364999999999782e+03 6.783841191066939302e+01
1.774650000000000546e+03 6.655841191067004559e+01
1.775918999999999869e+03 6.563841191066944702e+01
1.777190999999999804e+03 6.581141191066946305e+01
1.778458999999999833e+03 6.557841191066980002e+01
1.779980999999999767e+03 6.611141191066940337e+01
1.779980999999999767e+03 6.611141191066940337e+01
1.781047000000000480e+03 6.561141191066977285e+01
1.782319000000000415e+03 6.633841191066962040e+01
1.786175000000000182e+03 6.470541191066961062e+01
1.787398000000000138e+03 6.435841191067009959e+01
1.788934000000000196e+03 6.375841191067019764e+01
1.788934000000000196e+03 6.375841191067019764e+01
1.790188000000000102e+03 6.315141191066964410e+01
1.791208000000000538e+03 6.317141191066951933e+01
1.792493999999999687e+03 6.223141191066989819e+01
1.795034999999999854e+03 6.246541191066989995e+01
1.797856999999999971e+03 6.072541191066982691e+01
1.797856999999999971e+03 6.072541191066982691e+01
1.798860999999999876e+03 5.844541191066948471e+01
1.800176000000000386e+03 5.825141191067012159e+01
1.801713999999999942e+03 5.673141191066960687e+01
1.801713999999999942e+03 5.673141191066960687e+01
1.802731999999999971e+03 5.677141191066936443e+01
1.804002000000000407e+03 5.610541191066950262e+01
1.805117000000000189e+03 5.565141191066994963e+01
1.806355000000000473e+03 5.653841191066970850e+01
1.807859999999999673e+03 5.489141191067012215e+01
1.808943000000000211e+03 5.630541191067005258e+01
1.810211000000000240e+03 5.693841191066993446e+01
1.812846000000000458e+03 5.671141191066972453e+01
1.814149000000000342e+03 5.732541191067006991e+01
1.815230999999999767e+03 5.656541191066937557e+01
1.816500000000000000e+03 5.629841191066940098e+01
1.817833999999999833e+03 5.669841191066962693e+01
1.819291000000000167e+03 5.757841191066960818e+01
1.820373000000000502e+03 5.746541191067010601e+01
1.821832000000000335e+03 5.810541191066977262e+01
1.822944000000000415e+03 5.761141191066958100e+01
1.824230999999999767e+03 5.801841191066959169e+01
1.825470000000000255e+03 5.784541191066958277e+01
1.827052999999999884e+03 5.844541191066948471e+01
1.827052999999999884e+03 5.844541191066948471e+01
1.829373000000000502e+03 5.869841191066988983e+01
1.830659999999999854e+03 5.718541191067003382e+01
1.831960000000000036e+03 5.751841191066996117e+01
1.833042999999999665e+03 5.704541191066999772e+01
1.834532000000000153e+03 5.763841191067011493e+01
1.835614000000000487e+03 5.689841191067017689e+01
1.836917000000000371e+03 5.638541191066957481e+01
1.838373999999999796e+03 5.767841191066987960e+01
1.839454999999999927e+03 5.845841191066958231e+01
1.840695999999999913e+03 5.639841191066967241e+01
1.843533000000000357e+03 5.683841191066966303e+01
1.843533000000000357e+03 5.683841191066966303e+01
1.846105000000000473e+03 5.559841191067008737e+01
1.846105000000000473e+03 5.559841191067008737e+01
1.847154000000000451e+03 5.542541191067007844e+01
1.848456000000000131e+03 5.569141191066970720e+01
1.849774000000000342e+03 5.546541191066983600e+01
1.851059000000000196e+03 5.462541191066961943e+01
1.852109999999999673e+03 5.448541191066958334e+01
1.853568000000000211e+03 5.511141191066968759e+01
1.854838999999999942e+03 5.423841191066949108e+01
1.855904000000000451e+03 5.481841191066951779e+01
1.857158999999999651e+03 5.583141191066974329e+01
1.858507000000000517e+03 5.573841191067012346e+01
1.859935000000000400e+03 5.679141191067011363e+01
1.860969000000000051e+03 5.541841191066941974e+01
1.862286000000000058e+03 5.609141191066993315e+01
1.864856999999999971e+03 5.607141191067005792e+01
1.866127999999999702e+03 5.665841191066986227e+01
1.867413999999999760e+03 5.721141191066935505e+01
1.868699999999999818e+03 5.748541191066998124e+01
1.869828000000000429e+03 5.695141191067003206e+01
1.871099000000000160e+03 5.769141191066997720e+01
1.872384000000000015e+03 5.831141191066976148e+01
1.873904000000000451e+03 5.831141191066976148e+01
1.873904000000000451e+03 5.831141191066976148e+01
1.876195999999999913e+03 5.773841191066951950e+01
1.878765000000000327e+03 5.700541191066936619e+01
1.880304000000000087e+03 5.731141191066962648e+01
1.880304000000000087e+03 5.731141191066962648e+01
1.881322000000000116e+03 5.741141191066990501e+01
1.882827000000000226e+03 5.731141191066962648e+01
1.883925000000000182e+03 5.657841191066947317e+01
1.885163999999999760e+03 5.692541191066983686e+01
1.886434000000000196e+03 5.676541191066992553e+01
1.887671000000000276e+03 5.622541191066966348e+01
1.888943000000000211e+03 5.575141191066935420e+01
1.890226999999999862e+03 5.557141191066955344e+01
1.891734000000000378e+03 5.735141191066939115e+01
1.892783000000000357e+03 5.792541191066997186e+01
1.894101999999999862e+03 5.931841191066968122e+01
1.895605999999999767e+03 6.004541191066952877e+01
1.895605999999999767e+03 6.004541191066952877e+01
1.896609999999999673e+03 6.129841191067006179e+01
1.897896999999999935e+03 6.144541191066988262e+01
1.899181999999999789e+03 6.201141191066947300e+01
1.900452000000000226e+03 6.175841191066993474e+01
1.901784999999999854e+03 6.213141191066962676e+01
1.903319999999999709e+03 6.197841191066949307e+01
1.903319999999999709e+03 6.197841191066949307e+01
1.906864999999999782e+03 6.246541191066989995e+01
1.908449000000000524e+03 6.289841191067010584e+01
1.908449000000000524e+03 6.289841191067010584e+01
1.909516000000000531e+03 6.418541191067009777e+01
1.910613000000000284e+03 6.495141191066936415e+01
1.911930000000000291e+03 6.547841191066952149e+01
1.913167999999999665e+03 6.548541191067018019e+01
1.914453999999999724e+03 6.550541191067006253e+01
1.916994999999999891e+03 6.605141191066977058e+01
1.918532000000000153e+03 6.544541191066954866e+01
1.918532000000000153e+03 6.544541191066954866e+01
1.919565999999999804e+03 6.533841191066949250e+01
1.921132999999999811e+03 6.461141191066964495e+01
1.921135000000000218e+03 6.461141191066964495e+01
1.926278000000000247e+03 6.545141191066986153e+01
1.926278000000000247e+03 6.545141191066986153e+01
1.927326000000000022e+03 6.653841191067016325e+01
1.928614000000000487e+03 6.573141191066993372e+01
1.929913999999999760e+03 6.579841191066935835e+01
1.931168999999999869e+03 6.553841191067003535e+01
1.932270000000000437e+03 6.591141191066972738e+01
1.933740999999999985e+03 6.609141191066953525e+01
1.934823000000000320e+03 6.577841191066947601e+01
1.936123999999999796e+03 6.497141191067011334e+01
1.937346999999999753e+03 6.320541191066983799e+01
1.938899000000000342e+03 6.326541191066948500e+01
1.938899000000000342e+03 6.326541191066948500e+01
1.940185999999999694e+03 6.283841191066959198e+01
1.940186999999999898e+03 6.283841191066959198e+01
1.942444999999999709e+03 6.321141191067015086e+01
1.943743999999999687e+03 6.269841191066955588e+01
1.945280999999999949e+03 6.175841191066993474e+01
1.945280999999999949e+03 6.175841191066993474e+01
1.946331000000000131e+03 6.205841191066988927e+01
1.948935000000000400e+03 6.129841191067006179e+01
1.950235999999999876e+03 6.165141191066987858e+01
1.951554000000000087e+03 6.176541191066971948e+01
1.952667000000000371e+03 6.221141191067002296e+01
1.953951000000000022e+03 6.075841191066979974e+01
1.955426000000000386e+03 6.029141191067014915e+01
1.956554000000000087e+03 5.826541191066969105e+01
1.957779000000000451e+03 5.721141191066935505e+01
1.959283999999999651e+03 5.724541191066967372e+01
1.959284999999999854e+03 5.724541191066967372e+01
1.961604000000000269e+03 5.575841191067000580e+01
1.963172999999999774e+03 5.605841191066996032e+01
1.963172999999999774e+03 5.605841191066996032e+01
1.964442000000000007e+03 5.553841191066958061e+01
1.964442000000000007e+03 5.553841191066958061e+01
1.965476999999999862e+03 5.513141191066956281e+01
1.966779000000000451e+03 5.443141191066938944e+01
1.968048999999999978e+03 5.439841191066940951e+01
1.970574000000000524e+03 5.407141191066978791e+01
1.971859000000000378e+03 5.369841191067009589e+01
1.973113000000000284e+03 5.218541191066936591e+01
1.974431000000000495e+03 5.143841191066964313e+01
1.975935999999999694e+03 5.131841191066948227e+01
1.975935999999999694e+03 5.131841191066948227e+01
1.978492000000000189e+03 5.087141191066971402e+01
1.978492000000000189e+03 5.087141191066971402e+01
1.982364999999999782e+03 5.327841191066998761e+01
1.982364999999999782e+03 5.327841191066998761e+01
1.983601999999999862e+03 5.327841191066998761e+01
1.983601999999999862e+03 5.327841191066998761e+01
1.985908999999999651e+03 5.302541191066958248e+01
1.988761000000000422e+03 5.379141191066971572e+01
1.988761000000000422e+03 5.379141191066971572e+01
1.991051000000000386e+03 5.522541191066952848e+01
1.992322000000000116e+03 5.458541191066986187e+01
1.993621000000000095e+03 5.399141191066939882e+01
1.995159999999999854e+03 5.409841191066945498e+01
1.995159999999999854e+03 5.409841191066945498e+01
1.996194000000000415e+03 5.442541191066994344e+01
1.997764000000000124e+03 5.435141191066986011e+01
1.997764000000000124e+03 5.435141191066986011e+01
2.000051000000000386e+03 5.373141191067007583e+01
2.001306999999999789e+03 5.456541191066997953e+01
2.002560999999999694e+03 5.543841191067016894e+01
2.004114000000000487e+03 5.478541191066953786e+01
2.004114000000000487e+03 5.478541191066953786e+01
2.005418999999999869e+03 5.505141191067004058e+01
2.005421000000000276e+03 5.505141191067004058e+01
2.007953999999999724e+03 5.513841191066934755e+01
2.007953999999999724e+03 5.513841191066934755e+01
2.010244999999999891e+03 5.547141191067014887e+01
2.011546000000000276e+03 5.651141191067004144e+01
2.012832000000000335e+03 5.787841191066955560e+01
2.014118000000000393e+03 5.717841191066937512e+01
2.015230999999999767e+03 5.789841191066943793e+01
2.016484000000000378e+03 5.732541191067006991e+01
2.017756000000000313e+03 5.721141191066935505e+01
2.018993999999999687e+03 5.666541191066964700e+01
2.020247000000000298e+03 5.779141191066938177e+01
2.021798999999999978e+03 5.790541191067008953e+01
2.021798999999999978e+03 5.790541191067008953e+01
2.023070999999999913e+03 5.768541191066966434e+01
2.023070999999999913e+03 5.768541191066966434e+01
2.024091000000000349e+03 5.737141191067014034e+01
2.025436999999999898e+03 5.767141191067009487e+01
2.026677999999999884e+03 5.736541191066982748e+01
2.027916000000000167e+03 5.789141191066965320e+01
2.029201000000000022e+03 5.835141191066952615e+01
2.030518000000000029e+03 5.921141191066962506e+01
2.031836000000000240e+03 5.935141191066965405e+01
2.033122000000000298e+03 5.958541191066965581e+01
2.034203999999999724e+03 5.970541191066980957e+01
2.035489000000000487e+03 5.909141191066946419e+01
2.036979000000000269e+03 5.974541191066957424e+01
2.038045000000000073e+03 5.907141191066958896e+01
2.039565999999999804e+03 5.849141191066956225e+01
2.040617000000000189e+03 5.915841191066976279e+01
2.041932999999999993e+03 5.717141191066959038e+01
2.044693000000000211e+03 5.517141191067019435e+01
2.044693000000000211e+03 5.517141191067019435e+01
2.045730000000000473e+03 5.347841191066967070e+01
2.047266999999999825e+03 5.264541191067010573e+01
2.047270000000000437e+03 5.264541191067010573e+01
