1.168375000000000000e+03 7.091411910669504159e+00
1.169662000000000262e+03 8.678411910669446172e+00
1.170931999999999789e+03 1.025841191066960434e+01
1.172255000000000109e+03 1.176541191067002146e+01
1.173489000000000487e+03 1.133841191067012844e+01
1.174742000000000189e+03 1.185141191066985833e+01
1.176043999999999869e+03 1.215141191066981108e+01
1.177344000000000051e+03 1.197841191066979860e+01
1.178585000000000036e+03 1.271141191066995546e+01
1.179868999999999687e+03 1.250541191066996483e+01
1.181185999999999694e+03 1.333841191066952803e+01
1.182472999999999956e+03 1.358541191066962206e+01
1.183586000000000240e+03 1.392541191067020456e+01
1.184871000000000095e+03 1.416541191066964700e+01
1.186127000000000407e+03 1.404541191066949146e+01
1.187411000000000058e+03 1.373141191066996925e+01
1.188729000000000269e+03 1.466541191067014616e+01
1.190235999999999876e+03 1.491841191066968442e+01
1.190238000000000284e+03 1.491841191066968442e+01
1.191252000000000407e+03 1.547141191067004407e+01
1.192539999999999964e+03 1.542541191066997008e+01
1.195363000000000284e+03 1.322541191067002408e+01
1.195363000000000284e+03 1.322541191067002408e+01
1.196364999999999782e+03 1.371141191067008691e+01
1.197650000000000546e+03 1.362541191066938495e+01
1.198936999999999898e+03 1.151841191066992742e+01
1.200050000000000182e+03 1.165841191066996352e+01
1.201570999999999913e+03 1.171841191066960697e+01
1.202636999999999716e+03 1.339141191066938674e+01
1.203985999999999876e+03 1.535141191066988853e+01
1.205240999999999985e+03 1.446541191066959975e+01
1.206541000000000167e+03 1.410541191067000355e+01
1.207796000000000276e+03 1.461141191066994693e+01
1.210336000000000240e+03 1.351141191066954050e+01
1.211606999999999971e+03 1.328541191066966931e+01
1.212891999999999825e+03 1.191841191067015338e+01
1.214413000000000466e+03 1.167841191066984408e+01
1.214413000000000466e+03 1.167841191066984408e+01
1.215685000000000400e+03 9.531411910669758569e+00
1.215688000000000102e+03 9.531411910669758569e+00
1.216936999999999898e+03 9.518411910669662745e+00
1.216936999999999898e+03 9.518411910669662745e+00
1.217940999999999804e+03 9.991411910669627972e+00
1.220466000000000349e+03 7.838411910670098237e+00
1.221766999999999825e+03 6.111411910670120129e+00
1.223067000000000007e+03 6.618411910669537157e+00
1.224338999999999942e+03 6.658411910670166911e+00
1.225623999999999796e+03 5.851411910669929384e+00
1.226706000000000131e+03 5.998411910669750213e+00
1.228194999999999709e+03 7.818411910669349929e+00
1.229278000000000247e+03 7.471411910669849554e+00
1.230560000000000400e+03 6.198411910669429759e+00
1.231818000000000211e+03 4.878411910669462337e+00
1.233087000000000444e+03 3.885411910669982039e+00
1.234625000000000000e+03 4.771411910669404399e+00
1.234625000000000000e+03 4.771411910669404399e+00
1.235643000000000029e+03 2.771411910670006140e+00
1.237163999999999760e+03 3.545411910669399091e+00
1.237163999999999760e+03 3.545411910669399091e+00
1.238185000000000400e+03 3.798411910669805103e+00
1.240708999999999833e+03 6.151411910669882133e+00
1.242010000000000218e+03 3.951411910669937022e+00
1.243106999999999971e+03 4.651411910670116612e+00
1.244394000000000233e+03 5.391411910670059093e+00
1.245819999999999709e+03 7.325411910669502369e+00
1.246871000000000095e+03 8.805411910669386444e+00
1.248313000000000102e+03 8.191411910669909702e+00
1.249378999999999905e+03 9.918411910669888698e+00
1.250649000000000342e+03 1.001141191066951031e+01
1.251935000000000400e+03 8.491411910669862451e+00
1.253203999999999724e+03 8.851411910669460426e+00
1.254492000000000189e+03 1.022541191066962618e+01
1.255792999999999665e+03 1.001841191067016190e+01
1.257078999999999724e+03 1.093141191067011775e+01
1.258364000000000487e+03 1.124541191066963997e+01
1.259650000000000546e+03 1.139841191066977366e+01
1.260905999999999949e+03 1.184541191066954724e+01
1.262175000000000182e+03 1.231841191066951424e+01
1.263256000000000313e+03 1.326541191066978698e+01
1.264559000000000196e+03 1.307141191066955166e+01
1.265780999999999949e+03 1.279141191066947947e+01
1.267067000000000007e+03 1.180541191066978435e+01
1.268353000000000065e+03 1.202541191066934445e+01
1.272210000000000036e+03 1.120541191066987885e+01
1.273746000000000095e+03 1.305841191066945584e+01
1.273746000000000095e+03 1.305841191066945584e+01
1.274783000000000357e+03 1.303841191066957350e+01
1.276081000000000131e+03 1.404541191066949146e+01
1.277194000000000415e+03 1.457841191066996878e+01
1.278637999999999920e+03 1.569841191066938890e+01
1.279735999999999876e+03 1.703141191066945126e+01
1.280990999999999985e+03 1.741141191066979843e+01
1.282355000000000473e+03 1.909841191067001276e+01
1.283609999999999673e+03 2.076541191066948144e+01
1.284864999999999782e+03 2.153141191066961468e+01
1.286134000000000015e+03 2.332541191066989228e+01
1.287435999999999694e+03 2.427841191066960747e+01
1.288735999999999876e+03 2.297841191066952149e+01
1.290023000000000138e+03 2.437841191066988245e+01
1.291074000000000524e+03 2.503841191066943139e+01
1.292405999999999949e+03 2.539841191066989623e+01
1.293661000000000058e+03 2.729841191066988770e+01
1.296185000000000400e+03 2.891141191067002225e+01
1.297440000000000509e+03 2.799141191066941659e+01
1.298694000000000415e+03 2.967841191066963091e+01
1.300011000000000422e+03 3.074541191067006096e+01
1.301311999999999898e+03 3.245841191066960363e+01
1.302628999999999905e+03 3.436541191066937984e+01
1.303743999999999687e+03 3.340541191066987636e+01
1.305231999999999971e+03 3.549841191066975910e+01
1.306337999999999738e+03 3.653141191066987403e+01
1.307632000000000517e+03 3.640541191066940740e+01
1.308932999999999993e+03 3.639841191066962267e+01
1.310141000000000531e+03 3.633841191066997567e+01
1.311440999999999804e+03 3.832541191067014807e+01
1.312978000000000065e+03 3.856541191066958874e+01
1.312978000000000065e+03 3.856541191066958874e+01
1.314014000000000124e+03 4.010541191066998579e+01
1.315298999999999978e+03 4.188541191066982350e+01
1.316820999999999913e+03 4.275141191066936130e+01
1.316820999999999913e+03 4.275141191066936130e+01
1.317824000000000524e+03 4.195841191066956100e+01
1.319109999999999673e+03 4.388541191067008640e+01
1.320426999999999680e+03 4.505141191066957873e+01
1.321695999999999913e+03 4.607141191066959607e+01
1.322792999999999665e+03 4.817141191067013040e+01
1.324018000000000029e+03 4.973141191066954292e+01
1.325318000000000211e+03 5.135141191066946220e+01
1.326619999999999891e+03 5.283841191066999698e+01
1.327938000000000102e+03 5.589841191067004189e+01
1.329192000000000007e+03 5.767841191066987960e+01
1.330493999999999687e+03 6.136541191066949352e+01
1.331605999999999767e+03 6.441841191066974659e+01
1.332908000000000357e+03 6.733841191066976251e+01
1.334115999999999985e+03 7.027841191066964655e+01
1.335590000000000146e+03 7.144541191066947761e+01
1.336655999999999949e+03 7.275841191066966473e+01
1.338002999999999702e+03 7.600541191067014779e+01
1.339259000000000015e+03 7.805141191066962847e+01
1.340560000000000400e+03 8.164541191066962256e+01
1.341783000000000357e+03 8.480541191066993179e+01
1.343069000000000415e+03 8.628541191066982208e+01
1.344386000000000422e+03 8.840541191066937188e+01
1.345657000000000153e+03 9.051841191067001091e+01
1.346942000000000007e+03 9.227141191067018156e+01
1.348038999999999760e+03 9.571841191066947374e+01
1.349341999999999643e+03 9.857841191066984265e+01
1.350610999999999876e+03 1.018384119106695636e+02
1.351914999999999964e+03 1.045984119106696539e+02
1.353182999999999993e+03 1.065654119106699369e+02
1.354515000000000327e+03 1.077784119106698455e+02
1.355612000000000080e+03 1.100914119106701605e+02
1.356931000000000495e+03 1.124184119106700450e+02
1.358215000000000146e+03 1.150254119106700017e+02
1.359658999999999651e+03 1.177314119106698911e+02
1.360755000000000109e+03 1.196054119106696874e+02
1.362074000000000524e+03 1.215314119106698740e+02
1.363328000000000429e+03 1.238584119106697585e+02
1.364582000000000335e+03 1.256314119106698115e+02
1.365851999999999862e+03 1.257454119106696595e+02
1.367122000000000298e+03 1.278854119106699585e+02
1.368658000000000357e+03 1.295314119106700730e+02
1.368658000000000357e+03 1.295314119106700730e+02
1.369676999999999680e+03 1.309714119106701844e+02
1.370994999999999891e+03 1.320514119106698558e+02
1.372297000000000480e+03 1.336654119106694623e+02
1.373395000000000437e+03 1.346654119106696044e+02
1.374685000000000400e+03 1.348454119106693838e+02
1.375935000000000400e+03 1.363184119106694823e+02
1.377234999999999673e+03 1.381114119106694318e+02
1.378507000000000517e+03 1.393584119106696448e+02
1.379807999999999993e+03 1.416384119106699870e+02
1.381063000000000102e+03 1.433714119106694227e+02
1.382315999999999804e+03 1.438514119106700377e+02
1.383586000000000240e+03 1.457054119106699375e+02
1.384856999999999971e+03 1.474584119106701223e+02
1.386143000000000029e+03 1.471054119106694316e+02
1.388699000000000524e+03 1.496384119106701860e+02
1.389983000000000175e+03 1.491384119106696744e+02
1.391270000000000437e+03 1.490454119106700546e+02
1.392384000000000015e+03 1.484654119106700421e+02
1.393621000000000095e+03 1.470254119106699022e+02
1.394939000000000306e+03 1.465984119106700234e+02
1.396256000000000313e+03 1.462914119106694102e+02
1.397525000000000546e+03 1.440654119106701501e+02
1.398608000000000175e+03 1.452784119106700587e+02
1.399863000000000284e+03 1.459714119106695875e+02
1.401115999999999985e+03 1.432714119106699968e+02
1.402404000000000451e+03 1.421784119106693822e+02
1.403671000000000276e+03 1.406054119106698863e+02
1.404960000000000036e+03 1.399584119106695539e+02
1.406212999999999738e+03 1.405514119106696853e+02
1.407514000000000124e+03 1.383184119106697665e+02
1.408738000000000284e+03 1.367514119106697024e+02
1.410006000000000313e+03 1.365784119106696721e+02
1.411309000000000196e+03 1.352984119106694720e+02
1.412578999999999724e+03 1.338854119106698874e+02
1.413864000000000487e+03 1.314514119106699468e+02
1.415105000000000473e+03 1.299854119106696260e+02
1.416373999999999796e+03 1.286384119106699870e+02
1.417676000000000386e+03 1.267654119106696697e+02
1.418944999999999709e+03 1.250654119106693543e+02
1.420230000000000473e+03 1.236654119106698744e+02
1.421279999999999745e+03 1.203454119106696396e+02
1.422787000000000262e+03 1.186184119106696642e+02
1.423868000000000393e+03 1.181254119106698113e+02
1.425123000000000502e+03 1.154784119106700899e+02
1.426440999999999804e+03 1.142454119106694321e+02
1.427721999999999753e+03 1.134654119106697294e+02
1.429185000000000400e+03 1.131784119106698654e+02
1.430186999999999898e+03 1.104114119106699974e+02
1.431458999999999833e+03 1.094654119106700705e+02
1.435315999999999804e+03 1.071454119106699636e+02
1.436617000000000189e+03 1.060914119106696347e+02
1.437918999999999869e+03 1.058984119106697364e+02
1.439203999999999724e+03 1.060914119106696347e+02
1.440286000000000058e+03 1.037184119106696727e+02
1.441759000000000015e+03 1.024584119106693549e+02
1.443029999999999745e+03 1.011384119106693902e+02
1.444095000000000255e+03 9.997141191066954491e+01
1.445382999999999811e+03 9.917841191066975171e+01
1.446682999999999993e+03 9.953141191066956139e+01
1.447922999999999774e+03 9.892541191066933948e+01
1.449253999999999905e+03 9.721141191066945453e+01
1.450556999999999789e+03 9.718541191067014040e+01
1.451841999999999643e+03 9.666541191066976069e+01
1.453315999999999804e+03 9.645841191066942599e+01
1.454382999999999811e+03 9.545141191066950626e+01
1.455621000000000095e+03 9.383141191066958697e+01
1.456873000000000502e+03 9.342541191066990791e+01
1.458193000000000211e+03 9.258541191066970555e+01
1.459493000000000393e+03 9.206541191067017849e+01
1.460984000000000378e+03 9.199141191067010936e+01
1.460984000000000378e+03 9.199141191067010936e+01
1.461987000000000080e+03 9.056541191066955321e+01
1.463257999999999811e+03 8.905141191066934425e+01
1.464557999999999993e+03 8.837841191066969770e+01
1.465859999999999673e+03 8.988541191067011482e+01
1.467114000000000487e+03 9.052541191066978854e+01
1.468212999999999738e+03 8.729841191067004047e+01
1.469451000000000022e+03 8.587141191067001955e+01
1.470737000000000080e+03 8.513141191067008151e+01
1.472069999999999709e+03 8.435841191067015643e+01
1.473355000000000473e+03 8.257841191066945896e+01
1.474564000000000306e+03 8.213841191066946124e+01
1.475832000000000335e+03 8.166541191066950489e+01
1.477150999999999840e+03 8.062541191066959811e+01
1.478451000000000022e+03 7.936541191067014722e+01
1.479738000000000284e+03 7.854541191066981298e+01
1.480850000000000364e+03 7.937141191066959323e+01
1.482306999999999789e+03 7.851141191066949432e+01
1.483391000000000531e+03 7.755141191066999795e+01
1.484708000000000538e+03 7.803841191066952376e+01
1.488439000000000306e+03 7.787141191066982060e+01
1.489708999999999833e+03 7.859141191066989052e+01
1.491027000000000044e+03 7.728541191066949523e+01
1.492311999999999898e+03 7.708541191066980502e+01
1.494853000000000065e+03 8.061141191067002865e+01
1.496154999999999745e+03 7.883141191067019804e+01
1.497237000000000080e+03 7.967841191067019224e+01
1.498568000000000211e+03 8.041841191067014449e+01
1.499775999999999840e+03 8.101841191067003933e+01
1.501063000000000102e+03 8.181141191066984675e+01
1.502614999999999782e+03 8.022541191066937927e+01
1.502614999999999782e+03 8.022541191066937927e+01
1.503916000000000167e+03 8.165141191066993542e+01
1.503916000000000167e+03 8.165141191066993542e+01
1.506238000000000284e+03 8.241841191066953343e+01
1.507489999999999782e+03 8.273141191066959266e+01
1.508775999999999840e+03 8.259141191066954946e+01
1.510061999999999898e+03 8.147841191066991939e+01
1.511333000000000538e+03 8.154541191066934402e+01
1.512430000000000291e+03 8.086541191066990564e+01
1.513670000000000073e+03 8.081841191066949648e+01
1.516256000000000313e+03 8.237141191066999113e+01
1.518827000000000226e+03 8.362541191066999602e+01
1.520145000000000437e+03 8.285841191066953115e+01
1.521445999999999913e+03 8.372541191066940769e+01
1.522716999999999643e+03 8.437841191067003876e+01
1.524016999999999825e+03 8.395141191067014574e+01
1.525068000000000211e+03 8.495141191066940678e+01
1.526557999999999993e+03 8.562541191066939916e+01
1.527671000000000276e+03 8.637841191066944191e+01
1.528958000000000538e+03 8.505141191066968531e+01
1.530431999999999789e+03 8.446541191066934573e+01
1.530431999999999789e+03 8.446541191066934573e+01
1.531480999999999767e+03 8.579841191066941519e+01
1.532768000000000029e+03 8.647141191066992860e+01
1.534068000000000211e+03 8.816541191066993122e+01
1.535355999999999767e+03 8.820541191066969589e+01
1.536469000000000051e+03 8.869841191066953456e+01
1.537942000000000007e+03 8.815141191066949489e+01
1.539006000000000313e+03 8.742541191066997897e+01
1.540231999999999971e+03 8.850541191066963620e+01
1.541565000000000509e+03 8.970541191066945430e+01
1.542819000000000415e+03 9.143141191066996498e+01
1.544103000000000065e+03 9.044541191066939234e+01
1.545407000000000153e+03 9.211841191067004786e+01
1.546690999999999804e+03 9.185141191067006616e+01
1.547962000000000444e+03 9.300541191066980673e+01
1.549027000000000044e+03 9.409141191066977683e+01
1.550314000000000306e+03 9.396541191067016996e+01
1.551630000000000109e+03 9.248541191066942702e+01
1.552869999999999891e+03 9.149141191066959777e+01
1.554154999999999745e+03 9.162541191067019497e+01
1.555472999999999956e+03 9.075141191066965973e+01
1.556743000000000393e+03 9.009841191066989552e+01
1.558027000000000044e+03 8.963141191066937097e+01
1.559266999999999825e+03 8.955841191066963347e+01
1.561840000000000146e+03 8.875841191067004843e+01
1.563139000000000124e+03 8.916541191067005911e+01
1.564440999999999804e+03 8.781841191066955332e+01
1.565695999999999913e+03 8.749141191066993883e+01
