1.143036000000000058e+03 -1.048993548378348351e+02
1.144511000000000422e+03 -1.059893548376858234e+02
1.145608000000000175e+03 -1.059893548376858234e+02
1.146847999999999956e+03 -1.059293548371642828e+02
1.148148000000000138e+03 -1.068193548377603292e+02
1.149449000000000524e+03 -1.063093548361212015e+02
1.150734999999999673e+03 -1.069393548369407654e+02
1.152020999999999731e+03 -1.072593548372387886e+02
1.153118999999999687e+03 -1.070293548367917538e+02
1.154359000000000378e+03 -1.063993548378348351e+02
1.155675000000000182e+03 -1.060193548370152712e+02
1.156914999999999964e+03 -1.050493548363447189e+02
1.159546000000000276e+03 -1.042793548367917538e+02
1.160819000000000415e+03 -1.053893548361957073e+02
1.162101999999999862e+03 -1.047193548362702131e+02
1.163222999999999956e+03 -1.052293548360466957e+02
1.164487000000000080e+03 -1.047393548376858234e+02
1.165804000000000087e+03 -1.045993548370897770e+02
1.167074000000000524e+03 -1.038593548368662596e+02
1.168375000000000000e+03 -1.026493548378348351e+02
1.169662000000000262e+03 -1.016193548366427422e+02
1.170931999999999789e+03 -1.008093548361212015e+02
1.172255000000000109e+03 -9.990935483761131763e+01
1.173489000000000487e+03 -1.003393548373132944e+02
1.174742000000000189e+03 -9.998935483768582344e+01
1.176043999999999869e+03 -9.989935483783483505e+01
1.177344000000000051e+03 -9.989935483783483505e+01
1.178585000000000036e+03 -9.937935483641922474e+01
1.179868999999999687e+03 -9.960935483686625957e+01
1.181185999999999694e+03 -9.927935483679175377e+01
1.182472999999999956e+03 -9.915935483761131763e+01
1.183586000000000240e+03 -9.896935483627021313e+01
1.184871000000000095e+03 -9.893935483694076538e+01
1.186127000000000407e+03 -9.900935483723878860e+01
1.187411000000000058e+03 -9.916935483738780022e+01
1.188729000000000269e+03 -9.856935483776032925e+01
1.190235999999999876e+03 -9.850935483723878860e+01
1.190238000000000284e+03 -9.850935483723878860e+01
1.191252000000000407e+03 -9.802935483679175377e+01
1.192539999999999964e+03 -9.813935483619570732e+01
1.195363000000000284e+03 -9.968935483694076538e+01
1.195363000000000284e+03 -9.968935483694076538e+01
1.196364999999999782e+03 -9.936935483664274216e+01
1.197650000000000546e+03 -9.946935483627021313e+01
1.198936999999999898e+03 -1.008193548377603292e+02
1.200050000000000182e+03 -1.005993548370897770e+02
1.201570999999999913e+03 -1.005093548372387886e+02
1.202636999999999716e+03 -9.950935483723878860e+01
1.203985999999999876e+03 -9.822935483604669571e+01
1.205240999999999985e+03 -9.885935483686625957e+01
1.206541000000000167e+03 -9.911935483664274216e+01
1.207796000000000276e+03 -9.887935483641922474e+01
1.210336000000000240e+03 -9.952935483679175377e+01
1.211606999999999971e+03 -9.976935483701527119e+01
1.212891999999999825e+03 -1.004993548374623060e+02
1.214413000000000466e+03 -1.005893548373132944e+02
1.214413000000000466e+03 -1.005893548373132944e+02
1.215685000000000400e+03 -1.018693548366427422e+02
1.215688000000000102e+03 -1.018693548366427422e+02
1.216936999999999898e+03 -1.020993548370897770e+02
1.216936999999999898e+03 -1.020993548370897770e+02
1.217940999999999804e+03 -1.020793548375368118e+02
1.220466000000000349e+03 -1.034693548362702131e+02
1.221766999999999825e+03 -1.045293548367917538e+02
1.223067000000000007e+03 -1.043493548370897770e+02
1.224338999999999942e+03 -1.043193548377603292e+02
1.225623999999999796e+03 -1.048593548368662596e+02
1.226706000000000131e+03 -1.048993548378348351e+02
1.228194999999999709e+03 -1.037293548360466957e+02
1.229278000000000247e+03 -1.038793548364192247e+02
1.230560000000000400e+03 -1.048393548373132944e+02
1.231818000000000211e+03 -1.057193548362702131e+02
1.233087000000000444e+03 -1.064493548367172480e+02
1.234625000000000000e+03 -1.058993548378348351e+02
1.234625000000000000e+03 -1.058993548378348351e+02
1.235643000000000029e+03 -1.069593548364937305e+02
1.237163999999999760e+03 -1.063393548373132944e+02
1.237163999999999760e+03 -1.063393548373132944e+02
1.238185000000000400e+03 -1.063593548368662596e+02
1.240708999999999833e+03 -1.050893548373132944e+02
1.242010000000000218e+03 -1.063093548361212015e+02
1.243106999999999971e+03 -1.058693548366427422e+02
1.244394000000000233e+03 -1.053393548373132944e+02
1.245819999999999709e+03 -1.041293548364192247e+02
1.246871000000000095e+03 -1.031993548367172480e+02
1.248313000000000102e+03 -1.035393548365682364e+02
1.249378999999999905e+03 -1.026893548369407654e+02
1.250649000000000342e+03 -1.026993548367172480e+02
1.251935000000000400e+03 -1.038693548366427422e+02
1.253203999999999724e+03 -1.037493548374623060e+02
1.254492000000000189e+03 -1.029493548367172480e+02
1.255792999999999665e+03 -1.030293548367917538e+02
1.257078999999999724e+03 -1.025593548361212015e+02
1.258364000000000487e+03 -1.024393548369407654e+02
1.259650000000000546e+03 -1.023293548375368118e+02
1.260905999999999949e+03 -1.021593548376113176e+02
1.262175000000000182e+03 -1.017793548367917538e+02
1.263256000000000313e+03 -1.012993548363447189e+02
1.264559000000000196e+03 -1.022493548374623060e+02
1.265780999999999949e+03 -1.026393548361957073e+02
1.267067000000000007e+03 -1.042493548374623060e+02
1.268353000000000065e+03 -1.055293548367917538e+02
1.272210000000000036e+03 -1.093293548375368118e+02
1.273746000000000095e+03 -1.100293548367917538e+02
1.273746000000000095e+03 -1.100293548367917538e+02
1.274783000000000357e+03 -1.116893548369407654e+02
1.276081000000000131e+03 -1.129493548367172480e+02
1.277194000000000415e+03 -1.142093548364937305e+02
1.278637999999999920e+03 -1.155993548370897770e+02
1.279735999999999876e+03 -1.170793548375368118e+02
1.280990999999999985e+03 -1.186593548376113176e+02
1.282355000000000473e+03 -1.198493548370897770e+02
1.283609999999999673e+03 -1.214593548364937305e+02
1.284864999999999782e+03 -1.225993548370897770e+02
1.286134000000000015e+03 -1.242593548372387886e+02
1.287435999999999694e+03 -1.261693548373878002e+02
1.288735999999999876e+03 -1.288593548368662596e+02
1.290023000000000138e+03 -1.306193548366427422e+02
1.291074000000000524e+03 -1.332193548362702131e+02
1.292405999999999949e+03 -1.350393548365682364e+02
1.293661000000000058e+03 -1.371193548366427422e+02
1.296185000000000400e+03 -1.412793548367917538e+02
1.297440000000000509e+03 -1.450593548361212015e+02
1.298694000000000415e+03 -1.472293548360466957e+02
1.300011000000000422e+03 -1.493393548373132944e+02
1.301311999999999898e+03 -1.516093548368662596e+02
1.302628999999999905e+03 -1.537593548372387886e+02
1.303743999999999687e+03 -1.570293548367917538e+02
1.305231999999999971e+03 -1.595493548363447189e+02
1.306337999999999738e+03 -1.621893548369407654e+02
1.307632000000000517e+03 -1.652193548362702131e+02
1.308932999999999993e+03 -1.687493548374623060e+02
1.310141000000000531e+03 -1.722193548362702131e+02
1.311440999999999804e+03 -1.742193548362702131e+02
1.312978000000000065e+03 -1.776993548367172480e+02
1.312978000000000065e+03 -1.776993548367172480e+02
1.314014000000000124e+03 -1.801693548373878002e+02
1.315298999999999978e+03 -1.822293548360466957e+02
1.316820999999999913e+03 -1.854193548373878002e+02
1.316820999999999913e+03 -1.854193548373878002e+02
1.317824000000000524e+03 -1.893693548366427422e+02
1.319109999999999673e+03 -1.914093548376113176e+02
1.320426999999999680e+03 -1.947293548360466957e+02
1.321695999999999913e+03 -1.973893548361957073e+02
1.322792999999999665e+03 -1.996893548369407654e+02
1.324018000000000029e+03 -2.027893548365682364e+02
1.325318000000000211e+03 -2.052693548370152712e+02
1.326619999999999891e+03 -2.080593548361212015e+02
1.327938000000000102e+03 -2.096393548361957073e+02
1.329192000000000007e+03 -2.115293548367917538e+02
1.330493999999999687e+03 -2.118493548370897770e+02
1.331605999999999767e+03 -2.126793548371642828e+02
1.332908000000000357e+03 -2.143093548361212015e+02
1.334115999999999985e+03 -2.143493548370897770e+02
1.335590000000000146e+03 -2.160893548373132944e+02
1.336655999999999949e+03 -2.179093548376113176e+02
1.338002999999999702e+03 -2.176693548373878002e+02
1.339259000000000015e+03 -2.187093548364937305e+02
1.340560000000000400e+03 -2.187993548363447189e+02
1.341783000000000357e+03 -2.180493548363447189e+02
1.343069000000000415e+03 -2.193193548377603292e+02
1.344386000000000422e+03 -2.200193548370152712e+02
1.345657000000000153e+03 -2.198993548378348351e+02
1.346942000000000007e+03 -2.203093548361212015e+02
1.348038999999999760e+03 -2.204793548360466957e+02
1.349341999999999643e+03 -2.190493548363447189e+02
1.350610999999999876e+03 -2.176793548371642828e+02
1.351914999999999964e+03 -2.167793548367917538e+02
1.353182999999999993e+03 -2.154593548364937305e+02
1.354515000000000327e+03 -2.141093548368662596e+02
1.355612000000000080e+03 -2.128293548375368118e+02
1.356931000000000495e+03 -2.108093548361212015e+02
1.358215000000000146e+03 -2.087093548364937305e+02
1.359658999999999651e+03 -2.070593548361212015e+02
1.360755000000000109e+03 -2.048593548368662596e+02
1.362074000000000524e+03 -2.027393548376858234e+02
1.363328000000000429e+03 -2.011193548366427422e+02
1.364582000000000335e+03 -1.987893548365682364e+02
1.365851999999999862e+03 -1.966893548369407654e+02
1.367122000000000298e+03 -1.947693548370152712e+02
1.368658000000000357e+03 -1.921993548367172480e+02
1.368658000000000357e+03 -1.921993548367172480e+02
1.369676999999999680e+03 -1.896993548367172480e+02
1.370994999999999891e+03 -1.880993548370897770e+02
1.372297000000000480e+03 -1.853593548368662596e+02
1.373395000000000437e+03 -1.828893548361957073e+02
1.374685000000000400e+03 -1.814893548376858234e+02
1.375935000000000400e+03 -1.783893548361957073e+02
1.377234999999999673e+03 -1.753693548366427422e+02
1.378507000000000517e+03 -1.734493548367172480e+02
1.379807999999999993e+03 -1.700093548372387886e+02
1.381063000000000102e+03 -1.668193548377603292e+02
1.382315999999999804e+03 -1.653393548373132944e+02
1.383586000000000240e+03 -1.615893548373132944e+02
1.384856999999999971e+03 -1.584193548373878002e+02
1.386143000000000029e+03 -1.572593548372387886e+02
1.388699000000000524e+03 -1.509893548376858234e+02
1.389983000000000175e+03 -1.497093548364937305e+02
1.391270000000000437e+03 -1.473193548377603292e+02
1.392384000000000015e+03 -1.451793548371642828e+02
1.393621000000000095e+03 -1.442993548363447189e+02
1.394939000000000306e+03 -1.421993548367172480e+02
1.396256000000000313e+03 -1.399193548373878002e+02
1.397525000000000546e+03 -1.393793548364192247e+02
1.398608000000000175e+03 -1.358893548361957073e+02
1.399863000000000284e+03 -1.330993548370897770e+02
1.401115999999999985e+03 -1.323793548364192247e+02
1.402404000000000451e+03 -1.304193548373878002e+02
1.403671000000000276e+03 -1.287093548364937305e+02
1.404960000000000036e+03 -1.266793548371642828e+02
1.406212999999999738e+03 -1.236693548373878002e+02
1.407514000000000124e+03 -1.221093548368662596e+02
1.408738000000000284e+03 -1.207693548370152712e+02
1.410006000000000313e+03 -1.180493548363447189e+02
1.411309000000000196e+03 -1.165693548377603292e+02
1.412578999999999724e+03 -1.151793548371642828e+02
1.413864000000000487e+03 -1.151993548367172480e+02
1.415105000000000473e+03 -1.144293548371642828e+02
1.416373999999999796e+03 -1.138193548377603292e+02
1.417676000000000386e+03 -1.136493548378348351e+02
1.418944999999999709e+03 -1.134393548369407654e+02
1.420230000000000473e+03 -1.130693548377603292e+02
1.421279999999999745e+03 -1.136793548371642828e+02
1.422787000000000262e+03 -1.134593548364937305e+02
1.423868000000000393e+03 -1.127493548374623060e+02
1.425123000000000502e+03 -1.129493548367172480e+02
1.426440999999999804e+03 -1.126793548371642828e+02
1.427721999999999753e+03 -1.122893548365682364e+02
1.429185000000000400e+03 -1.115993548370897770e+02
1.430186999999999898e+03 -1.121293548364192247e+02
1.431458999999999833e+03 -1.116193548366427422e+02
1.435315999999999804e+03 -1.100893548373132944e+02
1.436617000000000189e+03 -1.095993548370897770e+02
1.437918999999999869e+03 -1.089593548364937305e+02
1.439203999999999724e+03 -1.080193548370152712e+02
1.440286000000000058e+03 -1.084193548373878002e+02
1.441759000000000015e+03 -1.079493548367172480e+02
1.443029999999999745e+03 -1.072793548367917538e+02
1.444095000000000255e+03 -1.070093548372387886e+02
1.445382999999999811e+03 -1.065993548370897770e+02
1.446682999999999993e+03 -1.055893548373132944e+02
1.447922999999999774e+03 -1.050593548361212015e+02
1.449253999999999905e+03 -1.050793548375368118e+02
1.450556999999999789e+03 -1.043393548373132944e+02
1.451841999999999643e+03 -1.038693548366427422e+02
1.453315999999999804e+03 -1.030693548377603292e+02
1.454382999999999811e+03 -1.025993548370897770e+02
1.455621000000000095e+03 -1.030893548373132944e+02
1.456873000000000502e+03 -1.024593548364937305e+02
1.458193000000000211e+03 -1.020193548370152712e+02
1.459493000000000393e+03 -1.014693548362702131e+02
1.460984000000000378e+03 -1.005893548373132944e+02
1.460984000000000378e+03 -1.005893548373132944e+02
1.461987000000000080e+03 -1.009393548369407654e+02
1.463257999999999811e+03 -1.006893548369407654e+02
1.464557999999999993e+03 -1.001693548373878002e+02
1.465859999999999673e+03 -9.854935483634471893e+01
1.467114000000000487e+03 -9.756935483776032925e+01
1.468212999999999738e+03 -9.858935483731329441e+01
1.469451000000000022e+03 -9.845935483649373055e+01
1.470737000000000080e+03 -9.818935483694076538e+01
1.472069999999999709e+03 -9.791935483738780022e+01
1.473355000000000473e+03 -9.848935483768582344e+01
1.474564000000000306e+03 -9.777935483679175377e+01
1.475832000000000335e+03 -9.757935483753681183e+01
1.477150999999999840e+03 -9.737935483641922474e+01
1.478451000000000022e+03 -9.728935483656823635e+01
1.479738000000000284e+03 -9.697935483604669571e+01
1.480850000000000364e+03 -9.589935483783483505e+01
1.482306999999999789e+03 -9.567935483716428280e+01
1.483391000000000531e+03 -9.538935483619570732e+01
1.484708000000000538e+03 -9.447935483604669571e+01
1.488439000000000306e+03 -9.237935483641922474e+01
1.489708999999999833e+03 -9.146935483627021313e+01
1.491027000000000044e+03 -9.131935483776032925e+01
1.492311999999999898e+03 -9.079935483634471893e+01
1.494853000000000065e+03 -8.814935483783483505e+01
1.496154999999999745e+03 -8.883935483731329441e+01
1.497237000000000080e+03 -8.771935483627021313e+01
1.498568000000000211e+03 -8.697935483604669571e+01
1.499775999999999840e+03 -8.628935483656823635e+01
1.501063000000000102e+03 -8.520935483649373055e+01
1.502614999999999782e+03 -8.564935483783483505e+01
1.502614999999999782e+03 -8.564935483783483505e+01
1.503916000000000167e+03 -8.457935483753681183e+01
1.503916000000000167e+03 -8.457935483753681183e+01
1.506238000000000284e+03 -8.376935483701527119e+01
1.507489999999999782e+03 -8.314935483783483505e+01
1.508775999999999840e+03 -8.267935483716428280e+01
1.510061999999999898e+03 -8.299935483746230602e+01
1.511333000000000538e+03 -8.249935483746230602e+01
1.512430000000000291e+03 -8.223935483768582344e+01
1.513670000000000073e+03 -8.166935483738780022e+01
1.516256000000000313e+03 -7.969935483671724796e+01
1.518827000000000226e+03 -7.838935483619570732e+01
1.520145000000000437e+03 -7.823935483768582344e+01
1.521445999999999913e+03 -7.749935483746230602e+01
1.522716999999999643e+03 -7.685935483686625957e+01
1.524016999999999825e+03 -7.651935483701527119e+01
1.525068000000000211e+03 -7.554935483634471893e+01
1.526557999999999993e+03 -7.506935483776032925e+01
1.527671000000000276e+03 -7.428935483656823635e+01
1.528958000000000538e+03 -7.473935483768582344e+01
1.530431999999999789e+03 -7.468935483694076538e+01
1.530431999999999789e+03 -7.468935483694076538e+01
1.531480999999999767e+03 -7.362935483641922474e+01
1.532768000000000029e+03 -7.287935483641922474e+01
1.534068000000000211e+03 -7.166935483738780022e+01
1.535355999999999767e+03 -7.134935483708977699e+01
1.536469000000000051e+03 -7.077935483679175377e+01
1.537942000000000007e+03 -7.050935483723878860e+01
1.539006000000000313e+03 -7.044935483671724796e+01
1.540231999999999971e+03 -6.946935483627021313e+01
1.541565000000000509e+03 -6.851935483701527119e+01
1.542819000000000415e+03 -6.733935483731329441e+01
1.544103000000000065e+03 -6.736935483664274216e+01
1.545407000000000153e+03 -6.616935483738780022e+01
1.546690999999999804e+03 -6.604935483634471893e+01
1.547962000000000444e+03 -6.501935483701527119e+01
1.549027000000000044e+03 -6.402935483679175377e+01
1.550314000000000306e+03 -6.365935483761131763e+01
1.551630000000000109e+03 -6.439935483783483505e+01
1.552869999999999891e+03 -6.445935483649373055e+01
1.554154999999999745e+03 -6.400935483723878860e+01
1.555472999999999956e+03 -6.400935483723878860e+01
1.556743000000000393e+03 -6.401935483701527119e+01
1.558027000000000044e+03 -6.395935483649373055e+01
1.559266999999999825e+03 -6.368935483694076538e+01
1.561840000000000146e+03 -6.323935483768582344e+01
1.563139000000000124e+03 -6.277935483679175377e+01
1.564440999999999804e+03 -6.318935483694076538e+01
1.565695999999999913e+03 -6.304935483634471893e+01
1.566980999999999767e+03 -6.298935483768582344e+01
1.568237000000000080e+03 -6.297935483604669571e+01
1.569489999999999782e+03 -6.254935483634471893e+01
1.570792999999999665e+03 -6.229935483634471893e+01
1.572061999999999898e+03 -6.235935483686625957e+01
1.573127000000000407e+03 -6.203935483656823635e+01
1.574429000000000087e+03 -6.163935483619570732e+01
1.575670000000000073e+03 -6.142935483716428280e+01
1.578256000000000313e+03 -6.188935483619570732e+01
1.579570999999999913e+03 -6.201935483701527119e+01
1.580889000000000124e+03 -6.275935483723878860e+01
1.581971999999999753e+03 -6.265935483761131763e+01
1.583445999999999913e+03 -6.249935483746230602e+01
1.584494999999999891e+03 -6.220935483649373055e+01
1.585766999999999825e+03 -6.198935483768582344e+01
1.587051999999999680e+03 -6.177935483679175377e+01
1.588338999999999942e+03 -6.207935483753681183e+01
1.591193000000000211e+03 -6.284935483708977699e+01
1.591193000000000211e+03 -6.284935483708977699e+01
1.592211000000000240e+03 -6.261935483664274216e+01
1.593511999999999716e+03 -6.260935483686625957e+01
1.594814000000000306e+03 -6.229935483634471893e+01
1.596100000000000364e+03 -6.222935483604669571e+01
1.597181999999999789e+03 -6.271935483627021313e+01
1.598671000000000276e+03 -6.240935483761131763e+01
1.599721999999999753e+03 -6.226935483701527119e+01
1.601037000000000262e+03 -6.237935483641922474e+01
1.602310000000000400e+03 -6.202935483679175377e+01
1.603578000000000429e+03 -6.186935483664274216e+01
1.605115999999999985e+03 -6.219935483671724796e+01
1.605115999999999985e+03 -6.219935483671724796e+01
1.606135000000000218e+03 -6.281935483776032925e+01
1.607657000000000153e+03 -6.234935483708977699e+01
1.607657000000000153e+03 -6.234935483708977699e+01
1.608690999999999804e+03 -6.224935483746230602e+01
1.609992000000000189e+03 -6.190935483761131763e+01
1.611278000000000247e+03 -6.165935483761131763e+01
1.612595000000000255e+03 -6.182935483753681183e+01
1.613692000000000007e+03 -6.201935483701527119e+01
1.614980000000000473e+03 -6.161935483664274216e+01
1.616248000000000502e+03 -6.248935483768582344e+01
1.617550000000000182e+03 -6.251935483701527119e+01
1.618788000000000466e+03 -6.201935483701527119e+01
1.620088999999999942e+03 -6.160935483686625957e+01
1.621345000000000255e+03 -6.152935483679175377e+01
1.622645000000000437e+03 -6.143935483694076538e+01
1.623931999999999789e+03 -6.136935483664274216e+01
1.626488000000000284e+03 -6.141935483738780022e+01
1.627789999999999964e+03 -6.135935483686625957e+01
1.629074999999999818e+03 -6.122935483604669571e+01
1.630346000000000458e+03 -6.136935483664274216e+01
1.631645999999999731e+03 -6.172935483604669571e+01
1.632712000000000444e+03 -6.176935483701527119e+01
1.633984000000000378e+03 -6.154935483634471893e+01
1.635268000000000029e+03 -6.172935483604669571e+01
1.636539999999999964e+03 -6.163935483619570732e+01
1.638059000000000196e+03 -6.159935483708977699e+01
1.638059000000000196e+03 -6.159935483708977699e+01
1.639109999999999673e+03 -6.175935483723878860e+01
1.640662000000000262e+03 -6.204935483634471893e+01
1.640662000000000262e+03 -6.204935483634471893e+01
1.641713999999999942e+03 -6.271935483627021313e+01
1.642984000000000378e+03 -6.261935483664274216e+01
1.644284999999999854e+03 -6.179935483634471893e+01
1.645398000000000138e+03 -6.116935483738780022e+01
1.646886999999999716e+03 -6.088935483619570732e+01
1.647936999999999898e+03 -6.158935483731329441e+01
1.649239999999999782e+03 -6.136935483664274216e+01
1.650525000000000546e+03 -6.150935483723878860e+01
1.651841999999999643e+03 -6.138935483619570732e+01
1.653127000000000407e+03 -6.064935483783483505e+01
1.654257999999999811e+03 -6.023935483768582344e+01
1.655511999999999716e+03 -6.002935483679175377e+01
1.656783000000000357e+03 -5.983935483731329441e+01
1.658083999999999833e+03 -5.989935483783483505e+01
1.659353000000000065e+03 -5.967935483716428280e+01
1.660655999999999949e+03 -5.948935483768582344e+01
1.661940000000000509e+03 -5.919935483671724796e+01
1.663431000000000495e+03 -5.887935483641922474e+01
1.663431000000000495e+03 -5.887935483641922474e+01
1.665737000000000080e+03 -5.893935483694076538e+01
1.666818000000000211e+03 -5.888935483619570732e+01
1.668309000000000196e+03 -5.867935483716428280e+01
1.669368000000000393e+03 -5.859935483708977699e+01
1.670863000000000284e+03 -5.833935483731329441e+01
1.671958999999999833e+03 -5.845935483649373055e+01
1.673168999999999869e+03 -5.867935483716428280e+01
1.674689000000000306e+03 -5.876935483701527119e+01
1.675707000000000335e+03 -5.883935483731329441e+01
1.677259000000000015e+03 -5.854935483634471893e+01
1.677259000000000015e+03 -5.854935483634471893e+01
1.678295000000000073e+03 -5.860935483686625957e+01
1.679815000000000509e+03 -5.756935483776032925e+01
1.679815000000000509e+03 -5.756935483776032925e+01
1.680835000000000036e+03 -5.713935483619570732e+01
1.682403000000000247e+03 -5.721935483627021313e+01
1.682403000000000247e+03 -5.721935483627021313e+01
1.683438000000000102e+03 -5.735935483686625957e+01
1.684708000000000538e+03 -5.759935483708977699e+01
1.685994999999999891e+03 -5.782935483753681183e+01
1.687092999999999847e+03 -5.747935483604669571e+01
1.688408000000000357e+03 -5.757935483753681183e+01
1.689632999999999811e+03 -5.779935483634471893e+01
1.690916000000000167e+03 -5.761935483664274216e+01
1.692359999999999673e+03 -5.733935483731329441e+01
1.693426000000000386e+03 -5.676935483701527119e+01
1.694697000000000116e+03 -5.664935483783483505e+01
1.696171000000000276e+03 -5.638935483619570732e+01
1.697283999999999651e+03 -5.617935483716428280e+01
1.698489000000000487e+03 -5.577935483679175377e+01
1.699761999999999716e+03 -5.584935483708977699e+01
1.701061999999999898e+03 -5.568935483694076538e+01
1.702286000000000058e+03 -5.504935483634471893e+01
1.703569999999999709e+03 -5.487935483641922474e+01
1.704826000000000022e+03 -5.451935483701527119e+01
1.706096000000000458e+03 -5.441935483738780022e+01
1.707396999999999935e+03 -5.481935483776032925e+01
1.708934000000000196e+03 -5.476935483701527119e+01
1.708934000000000196e+03 -5.476935483701527119e+01
1.711192000000000007e+03 -5.435935483686625957e+01
1.712697000000000116e+03 -5.432935483753681183e+01
1.712697000000000116e+03 -5.432935483753681183e+01
1.713795000000000073e+03 -5.401935483701527119e+01
1.715252999999999702e+03 -5.379935483634471893e+01
1.716350999999999658e+03 -5.417935483716428280e+01
1.718907000000000153e+03 -5.396935483627021313e+01
1.720222999999999956e+03 -5.404935483634471893e+01
1.721525000000000546e+03 -5.356935483776032925e+01
1.722608000000000175e+03 -5.367935483716428280e+01
1.723862000000000080e+03 -5.335935483686625957e+01
1.725132999999999811e+03 -5.305935483612120152e+01
1.726386000000000422e+03 -5.308935483731329441e+01
1.727688000000000102e+03 -5.280935483612120152e+01
1.729239000000000487e+03 -5.259935483708977699e+01
1.729239000000000487e+03 -5.259935483708977699e+01
1.731796000000000276e+03 -5.201935483701527119e+01
1.731796000000000276e+03 -5.201935483701527119e+01
1.732815999999999804e+03 -5.177935483679175377e+01
1.735619999999999891e+03 -5.142935483716428280e+01
1.735621000000000095e+03 -5.142935483716428280e+01
1.737989999999999782e+03 -5.047935483604669571e+01
1.739305000000000291e+03 -5.062935483641922474e+01
1.740373999999999796e+03 -5.019935483671724796e+01
1.741673999999999978e+03 -5.002935483679175377e+01
1.742944999999999709e+03 -4.988935483619570732e+01
1.744230999999999767e+03 -4.985935483686625957e+01
1.745501000000000204e+03 -5.105935483612120152e+01
1.748356999999999971e+03 -5.072935483604669571e+01
1.748359999999999673e+03 -5.072935483604669571e+01
1.750644000000000233e+03 -5.035935483686625957e+01
1.751958999999999833e+03 -5.018935483694076538e+01
1.753247000000000298e+03 -5.011935483664274216e+01
1.754547000000000480e+03 -5.008935483731329441e+01
1.755708000000000538e+03 -5.000935483723878860e+01
1.757150999999999840e+03 -5.038935483619570732e+01
1.758231999999999971e+03 -5.043935483694076538e+01
1.759469000000000051e+03 -5.031935483776032925e+01
1.760992000000000189e+03 -5.043935483694076538e+01
1.760992000000000189e+03 -5.043935483694076538e+01
1.762027000000000044e+03 -5.044935483671724796e+01
1.763563000000000102e+03 -5.046935483627021313e+01
1.763563000000000102e+03 -5.046935483627021313e+01
1.764599000000000160e+03 -5.048935483768582344e+01
1.766150999999999840e+03 -5.122935483604669571e+01
1.766150999999999840e+03 -5.122935483604669571e+01
1.767186999999999898e+03 -5.068935483694076538e+01
1.768487000000000080e+03 -5.051935483701527119e+01
1.769774000000000342e+03 -5.027935483679175377e+01
1.770840000000000146e+03 -5.067935483716428280e+01
1.772125000000000000e+03 -5.050935483723878860e+01
1.773364999999999782e+03 -5.021935483627021313e+01
1.774650000000000546e+03 -5.074935483746230602e+01
1.775918999999999869e+03 -5.112935483641922474e+01
1.777190999999999804e+03 -5.104935483634471893e+01
1.778458999999999833e+03 -5.103935483656823635e+01
1.779980999999999767e+03 -5.071935483627021313e+01
1.779980999999999767e+03 -5.071935483627021313e+01
1.781047000000000480e+03 -5.101935483701527119e+01
1.782319000000000415e+03 -5.050935483723878860e+01
1.786175000000000182e+03 -5.118935483694076538e+01
1.787398000000000138e+03 -5.132935483753681183e+01
1.788934000000000196e+03 -5.156935483776032925e+01
1.788934000000000196e+03 -5.156935483776032925e+01
1.790188000000000102e+03 -5.187935483641922474e+01
1.791208000000000538e+03 -5.184935483708977699e+01
1.792493999999999687e+03 -5.214935483783483505e+01
1.795034999999999854e+03 -5.192935483716428280e+01
1.797856999999999971e+03 -5.248935483768582344e+01
1.797856999999999971e+03 -5.248935483768582344e+01
1.798860999999999876e+03 -5.383935483731329441e+01
1.800176000000000386e+03 -5.383935483731329441e+01
1.801713999999999942e+03 -5.445935483649373055e+01
1.801713999999999942e+03 -5.445935483649373055e+01
1.802731999999999971e+03 -5.436935483664274216e+01
1.804002000000000407e+03 -5.463935483619570732e+01
1.805117000000000189e+03 -5.475935483723878860e+01
1.806355000000000473e+03 -5.424935483746230602e+01
1.807859999999999673e+03 -5.493935483694076538e+01
1.808943000000000211e+03 -5.413935483619570732e+01
1.810211000000000240e+03 -5.376935483701527119e+01
1.812846000000000458e+03 -5.379935483634471893e+01
1.814149000000000342e+03 -5.342935483716428280e+01
1.815230999999999767e+03 -5.373935483768582344e+01
1.816500000000000000e+03 -5.382935483753681183e+01
1.817833999999999833e+03 -5.359935483708977699e+01
1.819291000000000167e+03 -5.317935483716428280e+01
1.820373000000000502e+03 -5.324935483746230602e+01
1.821832000000000335e+03 -5.296935483627021313e+01
1.822944000000000415e+03 -5.304935483634471893e+01
1.824230999999999767e+03 -5.281935483776032925e+01
1.825470000000000255e+03 -5.290935483761131763e+01
1.827052999999999884e+03 -5.249935483746230602e+01
1.827052999999999884e+03 -5.249935483746230602e+01
1.829373000000000502e+03 -5.230935483612120152e+01
1.830659999999999854e+03 -5.304935483634471893e+01
1.831960000000000036e+03 -5.280935483612120152e+01
1.833042999999999665e+03 -5.286935483664274216e+01
1.834532000000000153e+03 -5.250935483723878860e+01
1.835614000000000487e+03 -5.277935483679175377e+01
1.836917000000000371e+03 -5.291935483738780022e+01
1.838373999999999796e+03 -5.231935483776032925e+01
1.839454999999999927e+03 -5.193935483694076538e+01
1.840695999999999913e+03 -5.290935483761131763e+01
1.843533000000000357e+03 -5.256935483776032925e+01
1.843533000000000357e+03 -5.256935483776032925e+01
1.846105000000000473e+03 -5.310935483686625957e+01
1.846105000000000473e+03 -5.310935483686625957e+01
1.847154000000000451e+03 -5.307935483753681183e+01
1.848456000000000131e+03 -5.288935483619570732e+01
1.849774000000000342e+03 -5.297935483604669571e+01
1.851059000000000196e+03 -5.333935483731329441e+01
1.852109999999999673e+03 -5.325935483723878860e+01
1.853568000000000211e+03 -5.295935483649373055e+01
1.854838999999999942e+03 -5.333935483731329441e+01
1.855904000000000451e+03 -5.304935483634471893e+01
1.857158999999999651e+03 -5.251935483701527119e+01
1.858507000000000517e+03 -5.256935483776032925e+01
1.859935000000000400e+03 -5.206935483776032925e+01
1.860969000000000051e+03 -5.257935483753681183e+01
1.862286000000000058e+03 -5.225935483723878860e+01
1.864856999999999971e+03 -5.234935483708977699e+01
1.866127999999999702e+03 -5.204935483634471893e+01
1.867413999999999760e+03 -5.179935483634471893e+01
1.868699999999999818e+03 -5.166935483738780022e+01
1.869828000000000429e+03 -5.196935483627021313e+01
1.871099000000000160e+03 -5.162935483641922474e+01
1.872384000000000015e+03 -5.136935483664274216e+01
1.873904000000000451e+03 -5.138935483619570732e+01
1.873904000000000451e+03 -5.138935483619570732e+01
1.876195999999999913e+03 -5.164935483783483505e+01
1.878765000000000327e+03 -5.201935483701527119e+01
1.880304000000000087e+03 -5.191935483738780022e+01
1.880304000000000087e+03 -5.191935483738780022e+01
1.881322000000000116e+03 -5.181935483776032925e+01
1.882827000000000226e+03 -5.183935483731329441e+01
1.883925000000000182e+03 -5.216935483738780022e+01
1.885163999999999760e+03 -5.193935483694076538e+01
1.886434000000000196e+03 -5.205935483612120152e+01
1.887671000000000276e+03 -5.228935483656823635e+01
1.888943000000000211e+03 -5.247935483604669571e+01
1.890226999999999862e+03 -5.260935483686625957e+01
1.891734000000000378e+03 -5.179935483634471893e+01
1.892783000000000357e+03 -5.151935483701527119e+01
1.894101999999999862e+03 -5.089935483783483505e+01
1.895605999999999767e+03 -5.065935483761131763e+01
1.895605999999999767e+03 -5.065935483761131763e+01
1.896609999999999673e+03 -5.008935483731329441e+01
1.897896999999999935e+03 -5.004935483634471893e+01
1.899181999999999789e+03 -4.981935483776032925e+01
1.900452000000000226e+03 -4.986935483664274216e+01
1.901784999999999854e+03 -4.964935483783483505e+01
1.903319999999999709e+03 -4.968935483694076538e+01
1.903319999999999709e+03 -4.968935483694076538e+01
1.906864999999999782e+03 -4.932935483753681183e+01
1.908449000000000524e+03 -4.916935483738780022e+01
1.908449000000000524e+03 -4.916935483738780022e+01
1.909516000000000531e+03 -4.858935483731329441e+01
1.910613000000000284e+03 -4.818935483694076538e+01
1.911930000000000291e+03 -4.790935483761131763e+01
1.913167999999999665e+03 -4.789935483783483505e+01
1.914453999999999724e+03 -4.782935483753681183e+01
1.916994999999999891e+03 -4.755935483612120152e+01
1.918532000000000153e+03 -4.772935483604669571e+01
1.918532000000000153e+03 -4.772935483604669571e+01
1.919565999999999804e+03 -4.775935483723878860e+01
1.921132999999999811e+03 -4.805935483612120152e+01
1.921135000000000218e+03 -4.805935483612120152e+01
1.926278000000000247e+03 -4.771935483627021313e+01
1.926278000000000247e+03 -4.771935483627021313e+01
1.927326000000000022e+03 -4.719935483671724796e+01
1.928614000000000487e+03 -4.757935483753681183e+01
1.929913999999999760e+03 -4.746935483627021313e+01
1.931168999999999869e+03 -4.752935483679175377e+01
1.932270000000000437e+03 -4.727935483679175377e+01
1.933740999999999985e+03 -4.718935483694076538e+01
1.934823000000000320e+03 -4.723935483768582344e+01
1.936123999999999796e+03 -4.751935483701527119e+01
1.937346999999999753e+03 -4.830935483612120152e+01
1.938899000000000342e+03 -4.824935483746230602e+01
1.938899000000000342e+03 -4.824935483746230602e+01
1.940185999999999694e+03 -4.839935483783483505e+01
1.940186999999999898e+03 -4.839935483783483505e+01
1.942444999999999709e+03 -4.818935483694076538e+01
1.943743999999999687e+03 -4.837935483641922474e+01
1.945280999999999949e+03 -4.872935483604669571e+01
1.945280999999999949e+03 -4.872935483604669571e+01
1.946331000000000131e+03 -4.853935483656823635e+01
1.948935000000000400e+03 -4.880935483612120152e+01
1.950235999999999876e+03 -4.859935483708977699e+01
1.951554000000000087e+03 -4.844935483671724796e+01
1.952667000000000371e+03 -4.820935483649373055e+01
1.953951000000000022e+03 -4.887935483641922474e+01
1.955426000000000386e+03 -4.903935483656823635e+01
1.956554000000000087e+03 -4.997935483604669571e+01
1.957779000000000451e+03 -5.041935483738780022e+01
1.959283999999999651e+03 -5.025935483723878860e+01
1.959284999999999854e+03 -5.025935483723878860e+01
1.961604000000000269e+03 -5.083935483731329441e+01
1.963172999999999774e+03 -5.063935483619570732e+01
1.963172999999999774e+03 -5.063935483619570732e+01
1.964442000000000007e+03 -5.075935483723878860e+01
1.964442000000000007e+03 -5.075935483723878860e+01
1.965476999999999862e+03 -5.098935483768582344e+01
1.966779000000000451e+03 -5.120935483649373055e+01
1.968048999999999978e+03 -5.127935483679175377e+01
1.970574000000000524e+03 -5.134935483708977699e+01
1.971859000000000378e+03 -5.147935483604669571e+01
1.973113000000000284e+03 -5.215935483761131763e+01
1.974431000000000495e+03 -5.251935483701527119e+01
1.975935999999999694e+03 -5.260935483686625957e+01
1.975935999999999694e+03 -5.260935483686625957e+01
1.978492000000000189e+03 -5.272935483604669571e+01
1.978492000000000189e+03 -5.272935483604669571e+01
1.982364999999999782e+03 -5.163935483619570732e+01
1.982364999999999782e+03 -5.163935483619570732e+01
1.983601999999999862e+03 -5.158935483731329441e+01
1.983601999999999862e+03 -5.158935483731329441e+01
1.985908999999999651e+03 -5.169935483671724796e+01
1.988761000000000422e+03 -5.131935483776032925e+01
1.988761000000000422e+03 -5.131935483776032925e+01
1.991051000000000386e+03 -5.063935483619570732e+01
1.992322000000000116e+03 -5.087935483641922474e+01
1.993621000000000095e+03 -5.119935483671724796e+01
1.995159999999999854e+03 -5.115935483761131763e+01
1.995159999999999854e+03 -5.115935483761131763e+01
1.996194000000000415e+03 -5.111935483664274216e+01
1.997764000000000124e+03 -5.104935483634471893e+01
1.997764000000000124e+03 -5.104935483634471893e+01
2.000051000000000386e+03 -5.144935483671724796e+01
2.001306999999999789e+03 -5.105935483612120152e+01
2.002560999999999694e+03 -5.063935483619570732e+01
2.004114000000000487e+03 -5.091935483738780022e+01
2.004114000000000487e+03 -5.091935483738780022e+01
2.005418999999999869e+03 -5.070935483649373055e+01
2.005421000000000276e+03 -5.070935483649373055e+01
2.007953999999999724e+03 -5.063935483619570732e+01
2.007953999999999724e+03 -5.063935483619570732e+01
2.010244999999999891e+03 -5.039935483783483505e+01
2.011546000000000276e+03 -4.989935483783483505e+01
2.012832000000000335e+03 -4.926935483701527119e+01
2.014118000000000393e+03 -4.960935483686625957e+01
2.015230999999999767e+03 -4.928935483656823635e+01
2.016484000000000378e+03 -4.954935483634471893e+01
2.017756000000000313e+03 -4.948935483768582344e+01
2.018993999999999687e+03 -4.982935483753681183e+01
2.020247000000000298e+03 -4.920935483649373055e+01
2.021798999999999978e+03 -4.907935483753681183e+01
2.021798999999999978e+03 -4.907935483753681183e+01
2.023070999999999913e+03 -4.923935483768582344e+01
2.023070999999999913e+03 -4.923935483768582344e+01
2.024091000000000349e+03 -4.937935483641922474e+01
2.025436999999999898e+03 -4.932935483753681183e+01
2.026677999999999884e+03 -4.941935483738780022e+01
2.027916000000000167e+03 -4.924935483746230602e+01
2.029201000000000022e+03 -4.898935483768582344e+01
2.030518000000000029e+03 -4.860935483686625957e+01
2.031836000000000240e+03 -4.843935483694076538e+01
2.033122000000000298e+03 -4.824935483746230602e+01
2.034203999999999724e+03 -4.809935483708977699e+01
2.035489000000000487e+03 -4.845935483649373055e+01
2.036979000000000269e+03 -4.810935483686625957e+01
2.038045000000000073e+03 -4.853935483656823635e+01
2.039565999999999804e+03 -4.880935483612120152e+01
2.040617000000000189e+03 -4.846935483627021313e+01
2.041932999999999993e+03 -4.952935483679175377e+01
2.044693000000000211e+03 -5.061935483664274216e+01
2.044693000000000211e+03 -5.061935483664274216e+01
2.045730000000000473e+03 -5.142935483716428280e+01
2.047266999999999825e+03 -5.183935483731329441e+01
2.047270000000000437e+03 -5.183935483731329441e+01
2.048315999999999804e+03 -5.214935483783483505e+01
2.051154000000000451e+03 -5.377935483679175377e+01
2.051154000000000451e+03 -5.377935483679175377e+01
2.052189000000000306e+03 -5.428935483656823635e+01
2.054994999999999891e+03 -5.604935483634471893e+01
2.054994999999999891e+03 -5.604935483634471893e+01
2.056015000000000327e+03 -5.632935483753681183e+01
2.058837000000000444e+03 -5.702935483679175377e+01
2.058837000000000444e+03 -5.702935483679175377e+01
2.061423999999999978e+03 -5.927935483679175377e+01
2.061423999999999978e+03 -5.927935483679175377e+01
2.063931999999999789e+03 -6.091935483738780022e+01
2.065186999999999898e+03 -6.277935483679175377e+01
2.066693000000000211e+03 -6.414935483783483505e+01
2.066693000000000211e+03 -6.414935483783483505e+01
2.067712000000000444e+03 -6.533935483731329441e+01
2.068840000000000146e+03 -6.795935483649373055e+01
2.070363000000000284e+03 -6.976935483701527119e+01
2.070363000000000284e+03 -6.976935483701527119e+01
2.072730000000000473e+03 -7.320935483649373055e+01
2.073828000000000429e+03 -7.503935483656823635e+01
2.075082000000000335e+03 -7.705935483612120152e+01
2.077858000000000175e+03 -8.140935483761131763e+01
2.078922999999999774e+03 -8.291935483738780022e+01
2.080179000000000087e+03 -8.545935483649373055e+01
2.081681999999999789e+03 -8.698935483768582344e+01
2.081681999999999789e+03 -8.698935483768582344e+01
2.082702000000000226e+03 -8.937935483641922474e+01
2.083957000000000335e+03 -9.334935483708977699e+01
2.086529000000000451e+03 -1.009293548371642828e+02
2.087860999999999876e+03 -1.050393548365682364e+02
2.089177999999999884e+03 -1.088293548375368118e+02
2.090479000000000269e+03 -1.130393548365682364e+02
2.091796000000000276e+03 -1.175493548363447189e+02
2.092815000000000509e+03 -1.214093548376113176e+02
2.094087000000000444e+03 -1.260293548367917538e+02
2.095417999999999665e+03 -1.302693548370152712e+02
2.096690000000000509e+03 -1.342693548370152712e+02
2.097989999999999782e+03 -1.392393548376858234e+02
2.099104000000000269e+03 -1.427193548362702131e+02
2.100577000000000226e+03 -1.460093548372387886e+02
2.101707000000000335e+03 -1.491493548378348351e+02
2.103180000000000291e+03 -1.520293548367917538e+02
2.103180000000000291e+03 -1.520293548367917538e+02
2.104434000000000196e+03 -1.548593548368662596e+02
2.105532000000000153e+03 -1.571493548378348351e+02
2.106944000000000415e+03 -1.595493548363447189e+02
2.108072000000000116e+03 -1.622393548376858234e+02
2.109532000000000153e+03 -1.642293548360466957e+02
2.110613000000000284e+03 -1.661893548369407654e+02
2.111867000000000189e+03 -1.681893548369407654e+02
2.113404000000000451e+03 -1.704693548362702131e+02
2.113404000000000451e+03 -1.704693548362702131e+02
2.115944000000000415e+03 -1.738893548361957073e+02
2.117010000000000218e+03 -1.756493548378348351e+02
2.118328000000000429e+03 -1.771893548369407654e+02
2.119614000000000487e+03 -1.789093548376113176e+02
2.120884000000000015e+03 -1.807193548362702131e+02
2.122154000000000451e+03 -1.823993548378348351e+02
2.123454999999999927e+03 -1.848993548378348351e+02
2.124537000000000262e+03 -1.856093548368662596e+02
2.125824000000000524e+03 -1.862093548364937305e+02
2.127123999999999796e+03 -1.872793548367917538e+02
2.128377999999999702e+03 -1.875593548361212015e+02
2.129618000000000393e+03 -1.882993548363447189e+02
2.130918999999999869e+03 -1.886793548371642828e+02
2.132393000000000029e+03 -1.884393548369407654e+02
2.133506000000000313e+03 -1.890093548372387886e+02
2.134744999999999891e+03 -1.895093548372387886e+02
2.136015000000000327e+03 -1.897193548362702131e+02
2.137331000000000131e+03 -1.900193548370152712e+02
2.138775000000000546e+03 -1.901593548376113176e+02
2.139855999999999767e+03 -1.902593548372387886e+02
2.141110999999999876e+03 -1.905093548372387886e+02
2.142600000000000364e+03 -1.909593548364937305e+02
2.143667000000000371e+03 -1.905593548361212015e+02
2.145125000000000000e+03 -1.904293548371642828e+02
2.146190999999999804e+03 -1.902293548360466957e+02
2.148935000000000400e+03 -1.873693548366427422e+02
2.150190000000000509e+03 -1.850493548363447189e+02
2.151444000000000415e+03 -1.826693548373878002e+02
2.152527000000000044e+03 -1.811693548373878002e+02
2.153796000000000276e+03 -1.786393548361957073e+02
2.155317000000000007e+03 -1.761493548378348351e+02
2.155317000000000007e+03 -1.761493548378348351e+02
2.156319999999999709e+03 -1.747193548362702131e+02
2.157858000000000175e+03 -1.722893548365682364e+02
2.158970000000000255e+03 -1.698093548361212015e+02
2.160444999999999709e+03 -1.681693548373878002e+02
2.161525999999999840e+03 -1.658593548368662596e+02
2.162733000000000175e+03 -1.640493548363447189e+02
2.164192000000000007e+03 -1.626093548368662596e+02
2.165462999999999738e+03 -1.613093548361212015e+02
2.166779000000000451e+03 -1.604993548374623060e+02
2.167891999999999825e+03 -1.598793548364192247e+02
2.169319999999999709e+03 -1.591193548366427422e+02
2.170402000000000044e+03 -1.584693548362702131e+02
2.171859999999999673e+03 -1.582593548372387886e+02
2.173005000000000109e+03 -1.580593548361212015e+02
2.174226999999999862e+03 -1.575893548373132944e+02
2.175480999999999767e+03 -1.574293548371642828e+02
2.176768000000000029e+03 -1.570293548367917538e+02
2.178021999999999935e+03 -1.567093548364937305e+02
2.179557999999999993e+03 -1.564793548360466957e+02
2.179557999999999993e+03 -1.564793548360466957e+02
2.180561999999999898e+03 -1.563593548368662596e+02
2.181815999999999804e+03 -1.564093548376113176e+02
2.183353000000000065e+03 -1.564493548367172480e+02
2.184358000000000175e+03 -1.563693548366427422e+02
2.185862000000000080e+03 -1.562093548364937305e+02
2.186975000000000364e+03 -1.562093548364937305e+02
2.188269000000000233e+03 -1.565993548370897770e+02
2.189688000000000102e+03 -1.567293548360466957e+02
2.190753999999999905e+03 -1.566993548367172480e+02
2.192260000000000218e+03 -1.567293548360466957e+02
2.193546000000000276e+03 -1.567093548364937305e+02
2.194627999999999702e+03 -1.567193548362702131e+02
2.195896999999999935e+03 -1.568693548366427422e+02
2.197136000000000422e+03 -1.567793548367917538e+02
2.198469000000000051e+03 -1.567293548360466957e+02
2.199659999999999854e+03 -1.566593548376113176e+02
2.200945999999999913e+03 -1.567493548374623060e+02
2.202483000000000175e+03 -1.567993548363447189e+02
2.202483000000000175e+03 -1.567993548363447189e+02
2.203484999999999673e+03 -1.567393548376858234e+02
2.204757000000000517e+03 -1.568193548377603292e+02
2.206041000000000167e+03 -1.567793548367917538e+02
2.207563000000000102e+03 -1.568893548361957073e+02
2.207563000000000102e+03 -1.568893548361957073e+02
2.209914999999999964e+03 -1.567593548372387886e+02
2.211185999999999694e+03 -1.568093548361212015e+02
2.214023000000000138e+03 -1.570993548370897770e+02
2.214023000000000138e+03 -1.570993548370897770e+02
2.216564000000000306e+03 -1.573093548361212015e+02
2.216564000000000306e+03 -1.573093548361212015e+02
2.220170000000000073e+03 -1.575693548377603292e+02
2.221440999999999804e+03 -1.575093548372387886e+02
2.222743000000000393e+03 -1.574193548373878002e+02
2.224324999999999818e+03 -1.574093548376113176e+02
2.224324999999999818e+03 -1.574093548376113176e+02
2.225172000000000480e+03 -1.571593548376113176e+02
2.226426999999999680e+03 -1.574493548367172480e+02
2.227681000000000495e+03 -1.571093548368662596e+02
2.228983000000000175e+03 -1.567093548364937305e+02
2.231837000000000444e+03 -1.561493548378348351e+02
2.231837000000000444e+03 -1.561493548378348351e+02
2.232871000000000095e+03 -1.559393548369407654e+02
2.235724000000000160e+03 -1.553593548368662596e+02
2.235724000000000160e+03 -1.553593548368662596e+02
2.236775000000000546e+03 -1.552693548370152712e+02
2.239565999999999804e+03 -1.547293548360466957e+02
2.239565999999999804e+03 -1.547293548360466957e+02
2.240569999999999709e+03 -1.546393548361957073e+02
2.242091000000000349e+03 -1.543793548364192247e+02
2.243189000000000306e+03 -1.540993548370897770e+02
2.244426999999999680e+03 -1.540993548370897770e+02
2.245715000000000146e+03 -1.537993548363447189e+02
2.247280999999999949e+03 -1.535293548367917538e+02
2.247280999999999949e+03 -1.535293548367917538e+02
2.248318000000000211e+03 -1.533593548368662596e+02
2.249632999999999811e+03 -1.531093548368662596e+02
2.250920000000000073e+03 -1.528093548361212015e+02
2.252440000000000509e+03 -1.523693548366427422e+02
2.252440000000000509e+03 -1.523693548366427422e+02
2.253492000000000189e+03 -1.522293548360466957e+02
2.254572000000000116e+03 -1.521293548364192247e+02
2.256060999999999694e+03 -1.519893548376858234e+02
2.257208000000000538e+03 -1.518693548366427422e+02
2.258431000000000495e+03 -1.517393548376858234e+02
2.259935999999999694e+03 -1.516893548369407654e+02
2.261050000000000182e+03 -1.515193548370152712e+02
2.262523000000000138e+03 -1.513993548378348351e+02
2.263621000000000095e+03 -1.512993548363447189e+02
2.264921000000000276e+03 -1.512293548360466957e+02
2.266159999999999854e+03 -1.510593548361212015e+02
2.267430000000000291e+03 -1.509693548362702131e+02
2.268699999999999818e+03 -1.508193548377603292e+02
2.270252000000000407e+03 -1.507393548376858234e+02
2.270252000000000407e+03 -1.507393548376858234e+02
2.272806999999999789e+03 -1.508593548368662596e+02
2.272806999999999789e+03 -1.508593548368662596e+02
2.273890000000000327e+03 -1.508393548373132944e+02
2.275163000000000466e+03 -1.508393548373132944e+02
2.276650000000000546e+03 -1.506393548361957073e+02
2.277762999999999920e+03 -1.505693548377603292e+02
2.279190999999999804e+03 -1.505993548370897770e+02
2.280240999999999985e+03 -1.505693548377603292e+02
2.281542000000000371e+03 -1.504293548371642828e+02
2.282782000000000153e+03 -1.503893548361957073e+02
2.284051000000000386e+03 -1.501993548367172480e+02
2.285322000000000116e+03 -1.500793548375368118e+02
2.286606999999999971e+03 -1.504793548360466957e+02
2.287940999999999804e+03 -1.502993548363447189e+02
2.289240999999999985e+03 -1.501993548367172480e+02
2.290340000000000146e+03 -1.501093548368662596e+02
2.291623999999999796e+03 -1.501093548368662596e+02
2.292880000000000109e+03 -1.501593548376113176e+02
2.294180000000000291e+03 -1.500993548370897770e+02
2.296798999999999978e+03 -1.506593548376113176e+02
2.298257999999999811e+03 -1.506493548378348351e+02
2.299355000000000473e+03 -1.504693548362702131e+02
2.300641999999999825e+03 -1.502393548376858234e+02
2.301911000000000058e+03 -1.501093548368662596e+02
2.303181000000000495e+03 -1.502193548362702131e+02
2.304623999999999796e+03 -1.501593548376113176e+02
2.305940999999999804e+03 -1.500893548373132944e+02
2.306961000000000240e+03 -1.502893548365682364e+02
