2.173005000000000109e+03 -1.580593548361212015e+02
2.174226999999999862e+03 -1.575893548373132944e+02
2.175480999999999767e+03 -1.574293548371642828e+02
2.176768000000000029e+03 -1.570293548367917538e+02
2.178021999999999935e+03 -1.567093548364937305e+02
2.179557999999999993e+03 -1.564793548360466957e+02
2.179557999999999993e+03 -1.564793548360466957e+02
2.180561999999999898e+03 -1.563593548368662596e+02
2.181815999999999804e+03 -1.564093548376113176e+02
2.183353000000000065e+03 -1.564493548367172480e+02
2.184358000000000175e+03 -1.563693548366427422e+02
2.185862000000000080e+03 -1.562093548364937305e+02
2.186975000000000364e+03 -1.562093548364937305e+02
2.188269000000000233e+03 -1.565993548370897770e+02
2.189688000000000102e+03 -1.567293548360466957e+02
2.190753999999999905e+03 -1.566993548367172480e+02
2.192260000000000218e+03 -1.567293548360466957e+02
2.193546000000000276e+03 -1.567093548364937305e+02
2.194627999999999702e+03 -1.567193548362702131e+02
2.195896999999999935e+03 -1.568693548366427422e+02
2.197136000000000422e+03 -1.567793548367917538e+02
2.198469000000000051e+03 -1.567293548360466957e+02
2.199659999999999854e+03 -1.566593548376113176e+02
2.200945999999999913e+03 -1.567493548374623060e+02
2.202483000000000175e+03 -1.567993548363447189e+02
2.202483000000000175e+03 -1.567993548363447189e+02
2.203484999999999673e+03 -1.567393548376858234e+02
2.204757000000000517e+03 -1.568193548377603292e+02
2.206041000000000167e+03 -1.567793548367917538e+02
2.207563000000000102e+03 -1.568893548361957073e+02
2.207563000000000102e+03 -1.568893548361957073e+02
2.209914999999999964e+03 -1.567593548372387886e+02
2.211185999999999694e+03 -1.568093548361212015e+02
2.214023000000000138e+03 -1.570993548370897770e+02
2.214023000000000138e+03 -1.570993548370897770e+02
2.216564000000000306e+03 -1.573093548361212015e+02
2.216564000000000306e+03 -1.573093548361212015e+02
2.220170000000000073e+03 -1.575693548377603292e+02
2.221440999999999804e+03 -1.575093548372387886e+02
2.222743000000000393e+03 -1.574193548373878002e+02
2.224324999999999818e+03 -1.574093548376113176e+02
2.224324999999999818e+03 -1.574093548376113176e+02
2.225172000000000480e+03 -1.571593548376113176e+02
2.226426999999999680e+03 -1.574493548367172480e+02
2.227681000000000495e+03 -1.571093548368662596e+02
2.228983000000000175e+03 -1.567093548364937305e+02
2.231837000000000444e+03 -1.561493548378348351e+02
2.231837000000000444e+03 -1.561493548378348351e+02
2.232871000000000095e+03 -1.559393548369407654e+02
2.235724000000000160e+03 -1.553593548368662596e+02
2.235724000000000160e+03 -1.553593548368662596e+02
2.236775000000000546e+03 -1.552693548370152712e+02
2.239565999999999804e+03 -1.547293548360466957e+02
2.239565999999999804e+03 -1.547293548360466957e+02
2.240569999999999709e+03 -1.546393548361957073e+02
2.242091000000000349e+03 -1.543793548364192247e+02
2.243189000000000306e+03 -1.540993548370897770e+02
2.244426999999999680e+03 -1.540993548370897770e+02
2.245715000000000146e+03 -1.537993548363447189e+02
2.247280999999999949e+03 -1.535293548367917538e+02
2.247280999999999949e+03 -1.535293548367917538e+02
2.248318000000000211e+03 -1.533593548368662596e+02
2.249632999999999811e+03 -1.531093548368662596e+02
2.250920000000000073e+03 -1.528093548361212015e+02
2.252440000000000509e+03 -1.523693548366427422e+02
2.252440000000000509e+03 -1.523693548366427422e+02
2.253492000000000189e+03 -1.522293548360466957e+02
2.254572000000000116e+03 -1.521293548364192247e+02
2.256060999999999694e+03 -1.519893548376858234e+02
2.257208000000000538e+03 -1.518693548366427422e+02
2.258431000000000495e+03 -1.517393548376858234e+02
2.259935999999999694e+03 -1.516893548369407654e+02
2.261050000000000182e+03 -1.515193548370152712e+02
2.262523000000000138e+03 -1.513993548378348351e+02
2.263621000000000095e+03 -1.512993548363447189e+02
2.264921000000000276e+03 -1.512293548360466957e+02
2.266159999999999854e+03 -1.510593548361212015e+02
2.267430000000000291e+03 -1.509693548362702131e+02
2.268699999999999818e+03 -1.508193548377603292e+02
2.270252000000000407e+03 -1.507393548376858234e+02
2.270252000000000407e+03 -1.507393548376858234e+02
2.272806999999999789e+03 -1.508593548368662596e+02
2.272806999999999789e+03 -1.508593548368662596e+02
2.273890000000000327e+03 -1.508393548373132944e+02
2.275163000000000466e+03 -1.508393548373132944e+02
2.276650000000000546e+03 -1.506393548361957073e+02
2.277762999999999920e+03 -1.505693548377603292e+02
2.279190999999999804e+03 -1.505993548370897770e+02
2.280240999999999985e+03 -1.505693548377603292e+02
2.281542000000000371e+03 -1.504293548371642828e+02
2.282782000000000153e+03 -1.503893548361957073e+02
2.284051000000000386e+03 -1.501993548367172480e+02
2.285322000000000116e+03 -1.500793548375368118e+02
2.286606999999999971e+03 -1.504793548360466957e+02
2.287940999999999804e+03 -1.502993548363447189e+02
2.289240999999999985e+03 -1.501993548367172480e+02
2.290340000000000146e+03 -1.501093548368662596e+02
2.291623999999999796e+03 -1.501093548368662596e+02
2.292880000000000109e+03 -1.501593548376113176e+02
2.294180000000000291e+03 -1.500993548370897770e+02
2.296798999999999978e+03 -1.506593548376113176e+02
2.298257999999999811e+03 -1.506493548378348351e+02
2.299355000000000473e+03 -1.504693548362702131e+02
2.300641999999999825e+03 -1.502393548376858234e+02
2.301911000000000058e+03 -1.501093548368662596e+02
2.303181000000000495e+03 -1.502193548362702131e+02
2.304623999999999796e+03 -1.501593548376113176e+02
2.305940999999999804e+03 -1.500893548373132944e+02
2.306961000000000240e+03 -1.502893548365682364e+02
2.308480999999999767e+03 -1.501393548361957073e+02
2.308480999999999767e+03 -1.501393548361957073e+02
2.309563000000000102e+03 -1.499893548376858234e+02
2.310801999999999680e+03 -1.499593548364937305e+02
2.312025999999999840e+03 -1.498793548364192247e+02
2.313529999999999745e+03 -1.497893548365682364e+02
2.314784999999999854e+03 -1.496793548371642828e+02
2.316039999999999964e+03 -1.496093548368662596e+02
2.317137999999999920e+03 -1.494093548376113176e+02
2.318469000000000051e+03 -1.494193548373878002e+02
2.319927999999999884e+03 -1.494193548373878002e+02
2.320962999999999738e+03 -1.495193548370152712e+02
2.323581000000000131e+03 -1.493893548361957073e+02
2.324867000000000189e+03 -1.494793548360466957e+02
2.326154000000000451e+03 -1.494993548374623060e+02
2.327422999999999774e+03 -1.493993548378348351e+02
2.328990999999999985e+03 -1.493093548361212015e+02
2.328990999999999985e+03 -1.493093548361212015e+02
2.330025999999999840e+03 -1.492593548372387886e+02
2.331123000000000502e+03 -1.492893548365682364e+02
2.332613000000000284e+03 -1.493193548377603292e+02
2.332613000000000284e+03 -1.493193548377603292e+02
2.333648000000000138e+03 -1.492793548367917538e+02
2.335184000000000196e+03 -1.491493548378348351e+02
2.335184000000000196e+03 -1.491493548378348351e+02
2.336204999999999927e+03 -1.492793548367917538e+02
2.338789999999999964e+03 -1.492693548370152712e+02
2.340310999999999694e+03 -1.491593548376113176e+02
2.341421000000000276e+03 -1.490493548363447189e+02
2.342618000000000393e+03 -1.489493548367172480e+02
2.343917999999999665e+03 -1.487793548367917538e+02
2.345172999999999774e+03 -1.487693548370152712e+02
2.346694999999999709e+03 -1.488493548370897770e+02
2.346695999999999913e+03 -1.488493548370897770e+02
2.347759000000000015e+03 -1.487893548365682364e+02
2.349234000000000378e+03 -1.486993548367172480e+02
2.349234000000000378e+03 -1.486993548367172480e+02
2.350331000000000131e+03 -1.486093548368662596e+02
2.351570999999999913e+03 -1.486393548361957073e+02
2.353061999999999898e+03 -1.486893548369407654e+02
2.354154999999999745e+03 -1.485693548377603292e+02
2.355599000000000160e+03 -1.486693548373878002e+02
2.356667000000000371e+03 -1.486893548369407654e+02
2.357952000000000226e+03 -1.486293548364192247e+02
2.359252999999999702e+03 -1.486093548368662596e+02
2.360507000000000517e+03 -1.483093548361212015e+02
2.361778000000000247e+03 -1.483193548377603292e+02
2.363064000000000306e+03 -1.483493548370897770e+02
2.364349000000000160e+03 -1.484393548369407654e+02
2.365431000000000495e+03 -1.485493548363447189e+02
2.366716000000000349e+03 -1.485693548377603292e+02
2.368002999999999702e+03 -1.487093548364937305e+02
2.369257000000000517e+03 -1.487193548362702131e+02
2.374681999999999789e+03 -1.495593548361212015e+02
2.374681999999999789e+03 -1.495593548361212015e+02
2.375685999999999694e+03 -1.497293548360466957e+02
2.376940999999999804e+03 -1.497093548364937305e+02
2.378445999999999913e+03 -1.497593548372387886e+02
2.380798999999999978e+03 -1.499993548374623060e+02
2.383573000000000320e+03 -1.502993548363447189e+02
2.384702000000000226e+03 -1.503093548361212015e+02
2.386114000000000487e+03 -1.504093548376113176e+02
2.387384000000000015e+03 -1.504593548364937305e+02
2.388466000000000349e+03 -1.504493548367172480e+02
2.389940000000000509e+03 -1.504693548362702131e+02
2.391083999999999833e+03 -1.506893548369407654e+02
2.392525999999999840e+03 -1.507993548363447189e+02
2.393623999999999796e+03 -1.508993548378348351e+02
2.394863000000000284e+03 -1.511193548366427422e+02
2.396181000000000495e+03 -1.512193548362702131e+02
2.397498000000000502e+03 -1.512893548365682364e+02
2.398815000000000509e+03 -1.513493548370897770e+02
2.399929000000000087e+03 -1.512993548363447189e+02
2.401181999999999789e+03 -1.513193548377603292e+02
2.402686999999999898e+03 -1.519193548373878002e+02
2.402686999999999898e+03 -1.519193548373878002e+02
2.403721999999999753e+03 -1.520793548375368118e+02
2.405054000000000087e+03 -1.520393548365682364e+02
2.406610999999999876e+03 -1.522993548363447189e+02
2.406614000000000487e+03 -1.522993548363447189e+02
2.407641999999999825e+03 -1.523693548366427422e+02
2.408753999999999905e+03 -1.523993548378348351e+02
2.410041000000000167e+03 -1.523493548370897770e+02
2.411530999999999949e+03 -1.523793548364192247e+02
2.412849000000000160e+03 -1.526593548376113176e+02
2.413898000000000138e+03 -1.527893548365682364e+02
2.415435999999999694e+03 -1.528093548361212015e+02
2.415435999999999694e+03 -1.528093548361212015e+02
2.416516999999999825e+03 -1.528593548368662596e+02
2.417944000000000415e+03 -1.528893548361957073e+02
2.419056999999999789e+03 -1.528793548364192247e+02
2.420280999999999949e+03 -1.528693548366427422e+02
2.421567000000000007e+03 -1.529693548362702131e+02
2.422788999999999760e+03 -1.531793548371642828e+02
2.424122000000000298e+03 -1.532093548364937305e+02
2.425565000000000509e+03 -1.532893548365682364e+02
2.426614999999999782e+03 -1.533893548361957073e+02
2.428105000000000473e+03 -1.534193548373878002e+02
2.429172999999999774e+03 -1.533993548378348351e+02
2.430409999999999854e+03 -1.534293548371642828e+02
2.431697000000000116e+03 -1.533793548364192247e+02
2.432997000000000298e+03 -1.536193548366427422e+02
2.434284999999999854e+03 -1.534593548364937305e+02
2.437105999999999767e+03 -1.529093548376113176e+02
2.437105999999999767e+03 -1.529093548376113176e+02
2.438109000000000378e+03 -1.529593548364937305e+02
2.439426000000000386e+03 -1.530193548370152712e+02
2.440931000000000495e+03 -1.533293548375368118e+02
2.440931000000000495e+03 -1.533293548375368118e+02
2.443203999999999724e+03 -1.533293548375368118e+02
2.447094000000000051e+03 -1.526093548368662596e+02
2.449931999999999789e+03 -1.521893548369407654e+02
2.449931999999999789e+03 -1.521893548369407654e+02
2.451185999999999694e+03 -1.520993548370897770e+02
2.452269000000000233e+03 -1.519393548369407654e+02
2.453507000000000517e+03 -1.519393548369407654e+02
2.454832000000000335e+03 -1.518593548368662596e+02
2.456265000000000327e+03 -1.516793548371642828e+02
2.457333000000000538e+03 -1.516193548366427422e+02
2.458806999999999789e+03 -1.515293548367917538e+02
2.460060999999999694e+03 -1.513093548361212015e+02
2.461112000000000080e+03 -1.512793548367917538e+02
2.462382999999999811e+03 -1.511293548364192247e+02
2.463699000000000524e+03 -1.508993548378348351e+02
2.465189000000000306e+03 -1.507193548362702131e+02
2.466270999999999731e+03 -1.503693548366427422e+02
2.467507999999999811e+03 -1.503393548373132944e+02
2.468826000000000022e+03 -1.503093548361212015e+02
2.470065000000000509e+03 -1.502393548376858234e+02
2.472667999999999665e+03 -1.500993548370897770e+02
2.474190000000000509e+03 -1.499993548374623060e+02
2.474190000000000509e+03 -1.499993548374623060e+02
2.475270000000000437e+03 -1.499793548360466957e+02
2.476538999999999760e+03 -1.499093548376113176e+02
2.477796000000000276e+03 -1.496893548369407654e+02
2.479048999999999978e+03 -1.496493548378348351e+02
2.480302999999999884e+03 -1.495893548373132944e+02
2.481856999999999971e+03 -1.495693548377603292e+02
2.481858000000000175e+03 -1.495693548377603292e+02
2.484162000000000262e+03 -1.494493548367172480e+02
2.485431000000000495e+03 -1.495093548372387886e+02
2.486936999999999898e+03 -1.493493548370897770e+02
2.488002999999999702e+03 -1.494593548364937305e+02
2.489445999999999913e+03 -1.493893548361957073e+02
2.491828999999999724e+03 -1.491593548376113176e+02
2.493115999999999985e+03 -1.490993548370897770e+02
2.495686999999999898e+03 -1.490293548367917538e+02
2.496988000000000284e+03 -1.488693548366427422e+02
2.498274000000000342e+03 -1.488993548378348351e+02
2.499368999999999687e+03 -1.489293548371642828e+02
2.500688000000000102e+03 -1.488893548361957073e+02
2.501994999999999891e+03 -1.488393548373132944e+02
2.503432999999999993e+03 -1.486393548361957073e+02
2.504546000000000276e+03 -1.483993548378348351e+02
2.506020999999999731e+03 -1.483193548377603292e+02
2.506020999999999731e+03 -1.483193548377603292e+02
2.507319999999999709e+03 -1.484493548367172480e+02
2.507322000000000116e+03 -1.484493548367172480e+02
2.508404999999999745e+03 -1.485393548365682364e+02
2.509610999999999876e+03 -1.488893548361957073e+02
2.510895999999999731e+03 -1.492593548372387886e+02
2.512355000000000473e+03 -1.494993548374623060e+02
2.513452000000000226e+03 -1.495693548377603292e+02
2.514690000000000509e+03 -1.495793548375368118e+02
2.516212000000000444e+03 -1.496593548376113176e+02
2.517309000000000196e+03 -1.496493548378348351e+02
2.518768000000000029e+03 -1.496393548361957073e+02
2.519864999999999782e+03 -1.496893548369407654e+02
2.521181999999999789e+03 -1.496593548376113176e+02
2.522404999999999745e+03 -1.495693548377603292e+02
2.523658999999999651e+03 -1.497393548376858234e+02
2.525163999999999760e+03 -1.499193548373878002e+02
2.526279000000000451e+03 -1.499693548362702131e+02
2.527516999999999825e+03 -1.499493548367172480e+02
2.528850000000000364e+03 -1.500693548377603292e+02
2.530121000000000095e+03 -1.501393548361957073e+02
2.531375000000000000e+03 -1.501293548364192247e+02
2.532833000000000538e+03 -1.501493548378348351e+02
2.534104000000000269e+03 -1.501693548373878002e+02
2.535153000000000247e+03 -1.503093548361212015e+02
2.537773000000000138e+03 -1.505193548370152712e+02
2.539309000000000196e+03 -1.505293548367917538e+02
2.539309000000000196e+03 -1.505293548367917538e+02
2.541926999999999680e+03 -1.507493548374623060e+02
2.541926999999999680e+03 -1.507493548374623060e+02
2.545534999999999854e+03 -1.510793548375368118e+02
2.547042000000000371e+03 -1.510393548365682364e+02
2.547045000000000073e+03 -1.510393548365682364e+02
2.549563000000000102e+03 -1.509093548376113176e+02
2.549563000000000102e+03 -1.509093548376113176e+02
2.550692000000000007e+03 -1.509693548362702131e+02
2.552056999999999789e+03 -1.508393548373132944e+02
2.553108000000000175e+03 -1.510093548372387886e+02
2.554458000000000538e+03 -1.511093548368662596e+02
2.555913999999999760e+03 -1.512393548376858234e+02
2.557028000000000247e+03 -1.511793548371642828e+02
2.558485999999999876e+03 -1.512093548364937305e+02
2.559599000000000160e+03 -1.513393548373132944e+02
2.560869999999999891e+03 -1.513993548378348351e+02
2.562078000000000429e+03 -1.513993548378348351e+02
2.563440000000000509e+03 -1.513993548378348351e+02
2.564868000000000393e+03 -1.514393548369407654e+02
2.565917999999999665e+03 -1.515893548373132944e+02
2.567487000000000080e+03 -1.517293548360466957e+02
2.567487000000000080e+03 -1.517293548360466957e+02
2.570057999999999993e+03 -1.518493548370897770e+02
2.570057999999999993e+03 -1.518493548370897770e+02
2.571154999999999745e+03 -1.523293548375368118e+02
2.572377999999999702e+03 -1.523293548375368118e+02
2.573884000000000015e+03 -1.521393548361957073e+02
2.574980999999999767e+03 -1.519393548369407654e+02
2.576454999999999927e+03 -1.518993548378348351e+02
2.577756000000000313e+03 -1.523593548368662596e+02
2.577756000000000313e+03 -1.523593548368662596e+02
2.580061999999999898e+03 -1.526293548364192247e+02
2.582916000000000167e+03 -1.527493548374623060e+02
2.582916000000000167e+03 -1.527493548374623060e+02
2.584012999999999920e+03 -1.529093548376113176e+02
2.585440000000000509e+03 -1.529493548367172480e+02
2.586521999999999935e+03 -1.530293548367917538e+02
2.588028000000000247e+03 -1.530493548363447189e+02
2.589109000000000378e+03 -1.529493548367172480e+02
2.590364000000000487e+03 -1.533393548373132944e+02
2.591601999999999862e+03 -1.534393548369407654e+02
2.592873000000000502e+03 -1.533793548364192247e+02
2.594216999999999643e+03 -1.534593548364937305e+02
2.595617000000000189e+03 -1.535293548367917538e+02
2.596746000000000095e+03 -1.535693548377603292e+02
2.598220000000000255e+03 -1.534693548362702131e+02
2.599301999999999680e+03 -1.529793548360466957e+02
2.600608000000000175e+03 -1.530693548377603292e+02
2.601890000000000327e+03 -1.549193548373878002e+02
2.603110999999999876e+03 -1.552893548365682364e+02
2.604570999999999913e+03 -1.564093548376113176e+02
2.605838999999999942e+03 -1.583293548375368118e+02
