2.216564000000000306e+03 2.631454119106698499e+02
2.216564000000000306e+03 2.631454119106698499e+02
2.220170000000000073e+03 2.609454119106699181e+02
2.221440999999999804e+03 2.606054119106701705e+02
2.222743000000000393e+03 2.601314119106698968e+02
2.224324999999999818e+03 2.593654119106697635e+02
2.224324999999999818e+03 2.593654119106697635e+02
2.225172000000000480e+03 2.598054119106697613e+02
2.226426999999999680e+03 2.585714119106696103e+02
2.227681000000000495e+03 2.596184119106701473e+02
2.228983000000000175e+03 2.604454119106694066e+02
2.231837000000000444e+03 2.613254119106694020e+02
2.231837000000000444e+03 2.613254119106694020e+02
2.232871000000000095e+03 2.615654119106696953e+02
2.235724000000000160e+03 2.622184119106694880e+02
2.235724000000000160e+03 2.622184119106694880e+02
2.236775000000000546e+03 2.616984119106699609e+02
2.239565999999999804e+03 2.627254119106697203e+02
2.239565999999999804e+03 2.627254119106697203e+02
2.240569999999999709e+03 2.624714119106698718e+02
2.242091000000000349e+03 2.629914119106693988e+02
2.243189000000000306e+03 2.630914119106696489e+02
2.244426999999999680e+03 2.627654119106695134e+02
2.245715000000000146e+03 2.637114119106694261e+02
2.247280999999999949e+03 2.643914119106697171e+02
2.247280999999999949e+03 2.643914119106697171e+02
2.248318000000000211e+03 2.642914119106694670e+02
2.249632999999999811e+03 2.647454119106698727e+02
2.250920000000000073e+03 2.649584119106696676e+02
2.252440000000000509e+03 2.658114119106699604e+02
2.252440000000000509e+03 2.658114119106699604e+02
2.253492000000000189e+03 2.660784119106699563e+02
2.254572000000000116e+03 2.662514119106699582e+02
2.256060999999999694e+03 2.665584119106696903e+02
2.257208000000000538e+03 2.665254119106697317e+02
2.258431000000000495e+03 2.667514119106696171e+02
2.259935999999999694e+03 2.671114119106700855e+02
2.261050000000000182e+03 2.674254119106695953e+02
2.262523000000000138e+03 2.679184119106694197e+02
2.263621000000000095e+03 2.680514119106696853e+02
2.264921000000000276e+03 2.681714119106698604e+02
2.266159999999999854e+03 2.687114119106701082e+02
2.267430000000000291e+03 2.688984119106696653e+02
2.268699999999999818e+03 2.691384119106700155e+02
2.270252000000000407e+03 2.688914119106698877e+02
2.270252000000000407e+03 2.688914119106698877e+02
2.272806999999999789e+03 2.682254119106700614e+02
2.272806999999999789e+03 2.682254119106700614e+02
2.273890000000000327e+03 2.680714119106695534e+02
2.275163000000000466e+03 2.677314119106698627e+02
2.276650000000000546e+03 2.681514119106699354e+02
2.277762999999999920e+03 2.680514119106696853e+02
2.279190999999999804e+03 2.680054119106696362e+02
2.280240999999999985e+03 2.675714119106699513e+02
2.281542000000000371e+03 2.680584119106694629e+02
2.282782000000000153e+03 2.679254119106701069e+02
2.284051000000000386e+03 2.684114119106701537e+02
2.285322000000000116e+03 2.691454119106697931e+02
2.286606999999999971e+03 2.680854119106700182e+02
2.287940999999999804e+03 2.687984119106694152e+02
2.289240999999999985e+03 2.689784119106701041e+02
2.290340000000000146e+03 2.692384119106694129e+02
2.291623999999999796e+03 2.686314119106697262e+02
2.292880000000000109e+03 2.682114119106695966e+02
2.294180000000000291e+03 2.681854119106694156e+02
2.296798999999999978e+03 2.670254119106693906e+02
2.298257999999999811e+03 2.671584119106695994e+02
2.299355000000000473e+03 2.677184119106697722e+02
2.300641999999999825e+03 2.684514119106698899e+02
2.301911000000000058e+03 2.689114119106698126e+02
2.303181000000000495e+03 2.688714119106700196e+02
2.304623999999999796e+03 2.689254119106693679e+02
2.305940999999999804e+03 2.692184119106695448e+02
2.306961000000000240e+03 2.683584119106694175e+02
2.308480999999999767e+03 2.685114119106695512e+02
2.308480999999999767e+03 2.685114119106695512e+02
2.309563000000000102e+03 2.689314119106696808e+02
2.310801999999999680e+03 2.693054119106697044e+02
2.312025999999999840e+03 2.692654119106699113e+02
2.313529999999999745e+03 2.694714119106699286e+02
2.314784999999999854e+03 2.696514119106697080e+02
2.316039999999999964e+03 2.703454119106696112e+02
2.317137999999999920e+03 2.710654119106696385e+02
2.318469000000000051e+03 2.703114119106701310e+02
2.319927999999999884e+03 2.704714119106700423e+02
2.320962999999999738e+03 2.702914119106694102e+02
2.323581000000000131e+03 2.701054119106701705e+02
2.324867000000000189e+03 2.699784119106693652e+02
2.326154000000000451e+03 2.693784119106694561e+02
2.327422999999999774e+03 2.697314119106701469e+02
2.328990999999999985e+03 2.696314119106698399e+02
2.328990999999999985e+03 2.696314119106698399e+02
2.330025999999999840e+03 2.696314119106698399e+02
2.331123000000000502e+03 2.694454119106697476e+02
2.332613000000000284e+03 2.694054119106699545e+02
2.332613000000000284e+03 2.694054119106699545e+02
2.333648000000000138e+03 2.697914119106697513e+02
2.335184000000000196e+03 2.704984119106697449e+02
2.335184000000000196e+03 2.704984119106697449e+02
2.336204999999999927e+03 2.697184119106699995e+02
2.338789999999999964e+03 2.704114119106695284e+02
2.340310999999999694e+03 2.711654119106699454e+02
2.341421000000000276e+03 2.715254119106695043e+02
2.342618000000000393e+03 2.720784119106698995e+02
2.343917999999999665e+03 2.725984119106694266e+02
2.345172999999999774e+03 2.728184119106698517e+02
2.346694999999999709e+03 2.729514119106700605e+02
2.346695999999999913e+03 2.729514119106700605e+02
2.347759000000000015e+03 2.727854119106698363e+02
2.349234000000000378e+03 2.729584119106698381e+02
2.349234000000000378e+03 2.729584119106698381e+02
2.350331000000000131e+03 2.734584119106694970e+02
2.351570999999999913e+03 2.736254119106700387e+02
2.353061999999999898e+03 2.736114119106696307e+02
2.354154999999999745e+03 2.739714119106700991e+02
2.355599000000000160e+03 2.739714119106700991e+02
2.356667000000000371e+03 2.740854119106699613e+02
2.357952000000000226e+03 2.743184119106695675e+02
2.359252999999999702e+03 2.743854119106699159e+02
2.360507000000000517e+03 2.750854119106700750e+02
2.361778000000000247e+03 2.753914119106694898e+02
2.363064000000000306e+03 2.756314119106697831e+02
2.364349000000000160e+03 2.750784119106694448e+02
2.365431000000000495e+03 2.750054119106696930e+02
2.366716000000000349e+03 2.748454119106697817e+02
2.368002999999999702e+03 2.750254119106695612e+02
2.369257000000000517e+03 2.752384119106702087e+02
2.374681999999999789e+03 2.740784119106701269e+02
2.374681999999999789e+03 2.740784119106701269e+02
2.375685999999999694e+03 2.741184119106699200e+02
2.376940999999999804e+03 2.746184119106695221e+02
2.378445999999999913e+03 2.747314119106699195e+02
2.380798999999999978e+03 2.743384119106694925e+02
2.383573000000000320e+03 2.736854119106696999e+02
2.384702000000000226e+03 2.739254119106699932e+02
2.386114000000000487e+03 2.743784119106700814e+02
2.387384000000000015e+03 2.749784119106699904e+02
2.388466000000000349e+03 2.755714119106701219e+02
2.389940000000000509e+03 2.761184119106702042e+02
2.391083999999999833e+03 2.754914119106697399e+02
2.392525999999999840e+03 2.756454119106693383e+02
2.393623999999999796e+03 2.759054119106695566e+02
2.394863000000000284e+03 2.748984119106696085e+02
2.396181000000000495e+03 2.746584119106701678e+02
2.397498000000000502e+03 2.750914119106695352e+02
2.398815000000000509e+03 2.747184119106698290e+02
2.399929000000000087e+03 2.756184119106696926e+02
2.401181999999999789e+03 2.759384119106695152e+02
2.402686999999999898e+03 2.745784119106697858e+02
2.402686999999999898e+03 2.745784119106697858e+02
2.403721999999999753e+03 2.744054119106697840e+02
2.405054000000000087e+03 2.749254119106701637e+02
2.406610999999999876e+03 2.740314119106697603e+02
2.406614000000000487e+03 2.740314119106697603e+02
2.407641999999999825e+03 2.745114119106694943e+02
2.408753999999999905e+03 2.746254119106702092e+02
2.410041000000000167e+03 2.750854119106700750e+02
2.411530999999999949e+03 2.754314119106700787e+02
2.412849000000000160e+03 2.743254119106694020e+02
2.413898000000000138e+03 2.743314119106697149e+02
2.415435999999999694e+03 2.744184119106698745e+02
2.415435999999999694e+03 2.744184119106698745e+02
2.416516999999999825e+03 2.747454119106694748e+02
2.417944000000000415e+03 2.753514119106696967e+02
2.419056999999999789e+03 2.751384119106699018e+02
2.420280999999999949e+03 2.755984119106698245e+02
2.421567000000000007e+03 2.756314119106697831e+02
2.422788999999999760e+03 2.755054119106702046e+02
2.424122000000000298e+03 2.756654119106701160e+02
2.425565000000000509e+03 2.756714119106695193e+02
2.426614999999999782e+03 2.757314119106700332e+02
2.428105000000000473e+03 2.760714119106697808e+02
2.429172999999999774e+03 2.764184119106701587e+02
2.430409999999999854e+03 2.766314119106698968e+02
2.431697000000000116e+03 2.773914119106697171e+02
2.432997000000000298e+03 2.763984119106693811e+02
2.434284999999999854e+03 2.776984119106694493e+02
2.437105999999999767e+03 2.796784119106698654e+02
2.437105999999999767e+03 2.796784119106698654e+02
2.438109000000000378e+03 2.800384119106694243e+02
2.439426000000000386e+03 2.800184119106695562e+02
2.440931000000000495e+03 2.788784119106693993e+02
2.440931000000000495e+03 2.788784119106693993e+02
2.443203999999999724e+03 2.793714119106701332e+02
2.447094000000000051e+03 2.816514119106695944e+02
2.449931999999999789e+03 2.830584119106697472e+02
2.449931999999999789e+03 2.830584119106697472e+02
2.451185999999999694e+03 2.828714119106701332e+02
2.452269000000000233e+03 2.835454119106701114e+02
2.453507000000000517e+03 2.831654119106697749e+02
2.454832000000000335e+03 2.835854119106699045e+02
2.456265000000000327e+03 2.844384119106701974e+02
2.457333000000000538e+03 2.844454119106699750e+02
2.458806999999999789e+03 2.854784119106701041e+02
2.460060999999999694e+03 2.864054119106696135e+02
2.461112000000000080e+03 2.860654119106699227e+02
2.462382999999999811e+03 2.865654119106695248e+02
2.463699000000000524e+03 2.874714119106697012e+02
2.465189000000000306e+03 2.881714119106699172e+02
2.466270999999999731e+03 2.888714119106700764e+02
2.467507999999999811e+03 2.886654119106700591e+02
2.468826000000000022e+03 2.888654119106697635e+02
2.470065000000000509e+03 2.891584119106699404e+02
2.472667999999999665e+03 2.893914119106696035e+02
2.474190000000000509e+03 2.898854119106698022e+02
2.474190000000000509e+03 2.898854119106698022e+02
2.475270000000000437e+03 2.899714119106695875e+02
2.476538999999999760e+03 2.903784119106696266e+02
2.477796000000000276e+03 2.913054119106700455e+02
2.479048999999999978e+03 2.910454119106698272e+02
2.480302999999999884e+03 2.911714119106694056e+02
2.481856999999999971e+03 2.912584119106696221e+02
2.481858000000000175e+03 2.912584119106696221e+02
2.484162000000000262e+03 2.921514119106696512e+02
2.485431000000000495e+03 2.921114119106699150e+02
2.486936999999999898e+03 2.930854119106698477e+02
2.488002999999999702e+03 2.926584119106699404e+02
2.489445999999999913e+03 2.928384119106697767e+02
2.491828999999999724e+03 2.934914119106695125e+02
2.493115999999999985e+03 2.932914119106698649e+02
2.495686999999999898e+03 2.930914119106701605e+02
2.496988000000000284e+03 2.934114119106699832e+02
2.498274000000000342e+03 2.929984119106696880e+02
2.499368999999999687e+03 2.925054119106698067e+02
2.500688000000000102e+03 2.923114119106696194e+02
2.501994999999999891e+03 2.927384119106694698e+02
2.503432999999999993e+03 2.936254119106700955e+02
2.504546000000000276e+03 2.941854119106694156e+02
2.506020999999999731e+03 2.943584119106694175e+02
2.506020999999999731e+03 2.943584119106694175e+02
2.507319999999999709e+03 2.938654119106695362e+02
2.507322000000000116e+03 2.938654119106695362e+02
2.508404999999999745e+03 2.939784119106699336e+02
2.509610999999999876e+03 2.934314119106699081e+02
2.510895999999999731e+03 2.927654119106700250e+02
2.512355000000000473e+03 2.925454119106695998e+02
2.513452000000000226e+03 2.923384119106701178e+02
2.514690000000000509e+03 2.924714119106695307e+02
2.516212000000000444e+03 2.919114119106693579e+02
2.517309000000000196e+03 2.925914119106696489e+02
2.518768000000000029e+03 2.930784119106700700e+02
2.519864999999999782e+03 2.930384119106694243e+02
2.521181999999999789e+03 2.934784119106694220e+02
2.522404999999999745e+03 2.936254119106700955e+02
2.523658999999999651e+03 2.937314119106698627e+02
2.525163999999999760e+03 2.930184119106695562e+02
2.526279000000000451e+03 2.929854119106695975e+02
2.527516999999999825e+03 2.930314119106696467e+02
2.528850000000000364e+03 2.923254119106700273e+02
2.530121000000000095e+03 2.927914119106693533e+02
2.531375000000000000e+03 2.935254119106698454e+02
2.532833000000000538e+03 2.941454119106696226e+02
2.534104000000000269e+03 2.946114119106698013e+02
2.535153000000000247e+03 2.945184119106701814e+02
2.537773000000000138e+03 2.940784119106701837e+02
2.539309000000000196e+03 2.945314119106694193e+02
2.539309000000000196e+03 2.945314119106694193e+02
2.541926999999999680e+03 2.938054119106699318e+02
2.541926999999999680e+03 2.938054119106699318e+02
2.545534999999999854e+03 2.940114119106698922e+02
2.547042000000000371e+03 2.947054119106697954e+02
2.547045000000000073e+03 2.947054119106697954e+02
2.549563000000000102e+03 2.951714119106699741e+02
2.549563000000000102e+03 2.951714119106699741e+02
2.550692000000000007e+03 2.945384119106700496e+02
2.552056999999999789e+03 2.954314119106701355e+02
2.553108000000000175e+03 2.949984119106699723e+02
2.554458000000000538e+03 2.948314119106693738e+02
2.555913999999999760e+03 2.947254119106696635e+02
2.557028000000000247e+03 2.956654119106701728e+02
2.558485999999999876e+03 2.957114119106693693e+02
2.559599000000000160e+03 2.956914119106694443e+02
2.560869999999999891e+03 2.956784119106693538e+02
2.562078000000000429e+03 2.960054119106698636e+02
2.563440000000000509e+03 2.964114119106695284e+02
2.564868000000000393e+03 2.960854119106693929e+02
2.565917999999999665e+03 2.955584119106700882e+02
2.567487000000000080e+03 2.949584119106701792e+02
2.567487000000000080e+03 2.949584119106701792e+02
2.570057999999999993e+03 2.950984119106693697e+02
2.570057999999999993e+03 2.950984119106693697e+02
2.571154999999999745e+03 2.944784119106695357e+02
2.572377999999999702e+03 2.945384119106700496e+02
2.573884000000000015e+03 2.956914119106694443e+02
2.574980999999999767e+03 2.966314119106699536e+02
2.576454999999999927e+03 2.970454119106697704e+02
2.577756000000000313e+03 2.955314119106695330e+02
2.577756000000000313e+03 2.955314119106695330e+02
2.580061999999999898e+03 2.953714119106696216e+02
2.582916000000000167e+03 2.957784119106696608e+02
2.582916000000000167e+03 2.957784119106696608e+02
2.584012999999999920e+03 2.957384119106698677e+02
2.585440000000000509e+03 2.955984119106698245e+02
2.586521999999999935e+03 2.961914119106699559e+02
2.588028000000000247e+03 2.967854119106695521e+02
2.589109000000000378e+03 2.977254119106700614e+02
2.590364000000000487e+03 2.967584119106699063e+02
2.591601999999999862e+03 2.973114119106693920e+02
2.592873000000000502e+03 2.977714119106701105e+02
2.594216999999999643e+03 2.972654119106701955e+02
2.595617000000000189e+03 2.970654119106696385e+02
2.596746000000000095e+03 2.970654119106696385e+02
2.598220000000000255e+03 2.975454119106693724e+02
2.599301999999999680e+03 2.985584119106696335e+02
2.600608000000000175e+03 2.997254119106694361e+02
2.601890000000000327e+03 2.993184119106694538e+02
2.603110999999999876e+03 2.999384119106700837e+02
2.604570999999999913e+03 3.009654119106699000e+02
2.605838999999999942e+03 3.015584119106700314e+02
2.606952000000000226e+03 3.017514119106699013e+02
2.608161000000000058e+03 3.019854119106698818e+02
2.609524000000000342e+03 3.012584119106700768e+02
2.610935999999999694e+03 3.009854119106697681e+02
2.611987000000000080e+03 3.012184119106694311e+02
2.613444999999999709e+03 3.005514119106700832e+02
2.614746000000000095e+03 3.009454119106700318e+02
2.615811999999999898e+03 2.999384119106700837e+02
2.617287000000000262e+03 3.001454119106695657e+02
2.618351999999999862e+03 3.007054119106696817e+02
2.619622000000000298e+03 3.007454119106694748e+02
2.621158000000000357e+03 2.995454119106696567e+02
2.622271999999999935e+03 2.998254119106697431e+02
2.623715000000000146e+03 3.003054119106694770e+02
2.625016999999999825e+03 3.008254119106698568e+02
2.627587000000000444e+03 3.018714119106700764e+02
2.630143000000000029e+03 3.038514119106695830e+02
2.630143000000000029e+03 3.038514119106695830e+02
2.632699000000000524e+03 3.056254119106699818e+02
2.632699000000000524e+03 3.056254119106699818e+02
2.633797000000000480e+03 3.067384119106695834e+02
2.635286000000000058e+03 3.072984119106697563e+02
2.636556000000000495e+03 3.069654119106698431e+02
2.637623000000000502e+03 3.070254119106694475e+02
2.638878999999999905e+03 3.068914119106697171e+02
2.640163999999999760e+03 3.063784119106700246e+02
2.641654000000000451e+03 3.084984119106695744e+02
