1.926278000000000247e+03 6.545141191066986153e+01
1.926278000000000247e+03 6.545141191066986153e+01
1.927326000000000022e+03 6.653841191067016325e+01
1.928614000000000487e+03 6.573141191066993372e+01
1.929913999999999760e+03 6.579841191066935835e+01
1.931168999999999869e+03 6.553841191067003535e+01
1.932270000000000437e+03 6.591141191066972738e+01
1.933740999999999985e+03 6.609141191066953525e+01
1.934823000000000320e+03 6.577841191066947601e+01
1.936123999999999796e+03 6.497141191067011334e+01
1.937346999999999753e+03 6.320541191066983799e+01
1.938899000000000342e+03 6.326541191066948500e+01
1.938899000000000342e+03 6.326541191066948500e+01
1.940185999999999694e+03 6.283841191066959198e+01
1.940186999999999898e+03 6.283841191066959198e+01
1.942444999999999709e+03 6.321141191067015086e+01
1.943743999999999687e+03 6.269841191066955588e+01
1.945280999999999949e+03 6.175841191066993474e+01
1.945280999999999949e+03 6.175841191066993474e+01
1.946331000000000131e+03 6.205841191066988927e+01
1.948935000000000400e+03 6.129841191067006179e+01
1.950235999999999876e+03 6.165141191066987858e+01
1.951554000000000087e+03 6.176541191066971948e+01
1.952667000000000371e+03 6.221141191067002296e+01
1.953951000000000022e+03 6.075841191066979974e+01
1.955426000000000386e+03 6.029141191067014915e+01
1.956554000000000087e+03 5.826541191066969105e+01
1.957779000000000451e+03 5.721141191066935505e+01
1.959283999999999651e+03 5.724541191066967372e+01
1.959284999999999854e+03 5.724541191066967372e+01
1.961604000000000269e+03 5.575841191067000580e+01
1.963172999999999774e+03 5.605841191066996032e+01
1.963172999999999774e+03 5.605841191066996032e+01
1.964442000000000007e+03 5.553841191066958061e+01
1.964442000000000007e+03 5.553841191066958061e+01
1.965476999999999862e+03 5.513141191066956281e+01
1.966779000000000451e+03 5.443141191066938944e+01
1.968048999999999978e+03 5.439841191066940951e+01
1.970574000000000524e+03 5.407141191066978791e+01
1.971859000000000378e+03 5.369841191067009589e+01
1.973113000000000284e+03 5.218541191066936591e+01
1.974431000000000495e+03 5.143841191066964313e+01
1.975935999999999694e+03 5.131841191066948227e+01
1.975935999999999694e+03 5.131841191066948227e+01
1.978492000000000189e+03 5.087141191066971402e+01
1.978492000000000189e+03 5.087141191066971402e+01
1.982364999999999782e+03 5.327841191066998761e+01
1.982364999999999782e+03 5.327841191066998761e+01
1.983601999999999862e+03 5.327841191066998761e+01
1.983601999999999862e+03 5.327841191066998761e+01
1.985908999999999651e+03 5.302541191066958248e+01
1.988761000000000422e+03 5.379141191066971572e+01
1.988761000000000422e+03 5.379141191066971572e+01
1.991051000000000386e+03 5.522541191066952848e+01
1.992322000000000116e+03 5.458541191066986187e+01
1.993621000000000095e+03 5.399141191066939882e+01
1.995159999999999854e+03 5.409841191066945498e+01
1.995159999999999854e+03 5.409841191066945498e+01
1.996194000000000415e+03 5.442541191066994344e+01
1.997764000000000124e+03 5.435141191066986011e+01
1.997764000000000124e+03 5.435141191066986011e+01
2.000051000000000386e+03 5.373141191067007583e+01
2.001306999999999789e+03 5.456541191066997953e+01
2.002560999999999694e+03 5.543841191067016894e+01
2.004114000000000487e+03 5.478541191066953786e+01
2.004114000000000487e+03 5.478541191066953786e+01
2.005418999999999869e+03 5.505141191067004058e+01
2.005421000000000276e+03 5.505141191067004058e+01
2.007953999999999724e+03 5.513841191066934755e+01
2.007953999999999724e+03 5.513841191066934755e+01
2.010244999999999891e+03 5.547141191067014887e+01
2.011546000000000276e+03 5.651141191067004144e+01
2.012832000000000335e+03 5.787841191066955560e+01
2.014118000000000393e+03 5.717841191066937512e+01
2.015230999999999767e+03 5.789841191066943793e+01
2.016484000000000378e+03 5.732541191067006991e+01
2.017756000000000313e+03 5.721141191066935505e+01
2.018993999999999687e+03 5.666541191066964700e+01
2.020247000000000298e+03 5.779141191066938177e+01
2.021798999999999978e+03 5.790541191067008953e+01
2.021798999999999978e+03 5.790541191067008953e+01
2.023070999999999913e+03 5.768541191066966434e+01
2.023070999999999913e+03 5.768541191066966434e+01
2.024091000000000349e+03 5.737141191067014034e+01
2.025436999999999898e+03 5.767141191067009487e+01
2.026677999999999884e+03 5.736541191066982748e+01
2.027916000000000167e+03 5.789141191066965320e+01
2.029201000000000022e+03 5.835141191066952615e+01
2.030518000000000029e+03 5.921141191066962506e+01
2.031836000000000240e+03 5.935141191066965405e+01
2.033122000000000298e+03 5.958541191066965581e+01
2.034203999999999724e+03 5.970541191066980957e+01
2.035489000000000487e+03 5.909141191066946419e+01
2.036979000000000269e+03 5.974541191066957424e+01
2.038045000000000073e+03 5.907141191066958896e+01
2.039565999999999804e+03 5.849141191066956225e+01
2.040617000000000189e+03 5.915841191066976279e+01
2.041932999999999993e+03 5.717141191066959038e+01
2.044693000000000211e+03 5.517141191067019435e+01
2.044693000000000211e+03 5.517141191067019435e+01
2.045730000000000473e+03 5.347841191066967070e+01
2.047266999999999825e+03 5.264541191067010573e+01
2.047270000000000437e+03 5.264541191067010573e+01
2.048315999999999804e+03 5.203141191066976035e+01
2.051154000000000451e+03 4.905841191066989637e+01
2.051154000000000451e+03 4.905841191066989637e+01
2.052189000000000306e+03 4.821141191066989506e+01
2.054994999999999891e+03 4.514541191066954440e+01
2.054994999999999891e+03 4.514541191066954440e+01
2.056015000000000327e+03 4.492541191066997897e+01
2.058837000000000444e+03 4.367141191066996697e+01
2.058837000000000444e+03 4.367141191066996697e+01
2.061423999999999978e+03 4.085841191067002143e+01
2.061423999999999978e+03 4.085841191067002143e+01
2.063931999999999789e+03 3.955141191067015427e+01
2.065186999999999898e+03 3.921141191066956821e+01
2.066693000000000211e+03 3.807141191066939712e+01
2.066693000000000211e+03 3.807141191066939712e+01
2.067712000000000444e+03 3.813141191066991098e+01
2.068840000000000146e+03 3.636541191066964274e+01
2.070363000000000284e+03 3.493841191066962182e+01
2.070363000000000284e+03 3.493841191066962182e+01
2.072730000000000473e+03 3.521141191066990217e+01
2.073828000000000429e+03 3.345841191066973153e+01
2.075082000000000335e+03 3.319841191066954167e+01
2.077858000000000175e+03 3.237141191066942270e+01
2.078922999999999774e+03 3.227841191066980286e+01
2.080179000000000087e+03 3.156541191066952834e+01
2.081681999999999789e+03 3.255841191066987506e+01
2.081681999999999789e+03 3.255841191066987506e+01
2.082702000000000226e+03 3.325141191066940394e+01
2.083957000000000335e+03 3.378541191066935312e+01
2.086529000000000451e+03 3.562541191066970470e+01
2.087860999999999876e+03 3.755141191066988426e+01
2.089177999999999884e+03 3.955841191066993900e+01
2.090479000000000269e+03 4.252541191066949011e+01
2.091796000000000276e+03 4.468541191066967144e+01
2.092815000000000509e+03 4.760541191066968025e+01
2.094087000000000444e+03 4.984541191066938381e+01
2.095417999999999665e+03 5.291141191066974159e+01
2.096690000000000509e+03 5.601841191067019565e+01
2.097989999999999782e+03 5.881141191066939200e+01
2.099104000000000269e+03 6.263841191066991598e+01
2.100577000000000226e+03 6.569141191067016905e+01
2.101707000000000335e+03 6.941841191066954764e+01
2.103180000000000291e+03 7.303841191066973693e+01
2.103180000000000291e+03 7.303841191066973693e+01
2.104434000000000196e+03 7.629841191066945782e+01
2.105532000000000153e+03 8.068541191067011198e+01
2.106944000000000415e+03 8.472541191066953559e+01
2.108072000000000116e+03 8.793841191066971419e+01
2.109532000000000153e+03 9.333141191066995646e+01
2.110613000000000284e+03 9.817141191066983197e+01
2.111867000000000189e+03 1.031514119106697507e+02
2.113404000000000451e+03 1.075854119106699613e+02
2.113404000000000451e+03 1.075854119106699613e+02
2.115944000000000415e+03 1.175584119106698751e+02
2.117010000000000218e+03 1.225784119106695584e+02
2.118328000000000429e+03 1.281314119106697262e+02
2.119614000000000487e+03 1.332914119106694386e+02
2.120884000000000015e+03 1.383514119106697251e+02
2.122154000000000451e+03 1.428254119106697146e+02
2.123454999999999927e+03 1.476254119106698113e+02
2.124537000000000262e+03 1.538254119106694304e+02
2.125824000000000524e+03 1.599254119106696237e+02
2.127123999999999796e+03 1.650854119106693361e+02
2.128377999999999702e+03 1.708654119106697067e+02
2.129618000000000393e+03 1.765384119106700211e+02
2.130918999999999869e+03 1.822854119106695521e+02
2.132393000000000029e+03 1.892654119106697408e+02
2.133506000000000313e+03 1.942454119106696453e+02
2.134744999999999891e+03 1.993314119106701412e+02
2.136015000000000327e+03 2.036984119106700462e+02
2.137331000000000131e+03 2.093714119106695080e+02
2.138775000000000546e+03 2.140114119106696933e+02
2.139855999999999767e+03 2.186514119106699070e+02
2.141110999999999876e+03 2.234584119106698097e+02
2.142600000000000364e+03 2.286454119106700489e+02
2.143667000000000371e+03 2.337714119106694284e+02
2.145125000000000000e+03 2.378314119106696296e+02
2.146190999999999804e+03 2.427114119106701366e+02
2.148935000000000400e+03 2.506784119106694675e+02
2.150190000000000509e+03 2.541984119106693925e+02
2.151444000000000415e+03 2.573714119106697922e+02
2.152527000000000044e+03 2.600854119106697908e+02
2.153796000000000276e+03 2.615384119106700496e+02
2.155317000000000007e+03 2.638584119106701564e+02
2.155317000000000007e+03 2.638584119106701564e+02
2.156319999999999709e+03 2.659054119106699545e+02
2.157858000000000175e+03 2.673784119106700246e+02
2.158970000000000255e+03 2.691914119106698422e+02
2.160444999999999709e+03 2.706654119106694338e+02
2.161525999999999840e+03 2.721184119106696357e+02
2.162733000000000175e+03 2.731254119106695839e+02
2.164192000000000007e+03 2.739914119106699673e+02
2.165462999999999738e+03 2.753184119106697381e+02
2.166779000000000451e+03 2.760184119106698972e+02
2.167891999999999825e+03 2.765184119106695562e+02
2.169319999999999709e+03 2.775914119106694216e+02
2.170402000000000044e+03 2.788314119106698286e+02
2.171859999999999673e+03 2.788054119106696476e+02
2.173005000000000109e+03 2.778054119106695339e+02
2.174226999999999862e+03 2.785454119106694861e+02
2.175480999999999767e+03 2.786314119106701810e+02
2.176768000000000029e+03 2.791784119106693538e+02
2.178021999999999935e+03 2.793914119106700014e+02
2.179557999999999993e+03 2.797054119106695111e+02
2.179557999999999993e+03 2.797054119106695111e+02
2.180561999999999898e+03 2.795584119106696903e+02
2.181815999999999804e+03 2.787854119106697794e+02
2.183353000000000065e+03 2.781454119106701341e+02
2.184358000000000175e+03 2.777854119106696658e+02
2.185862000000000080e+03 2.778184119106696244e+02
2.186975000000000364e+03 2.777314119106694648e+02
2.188269000000000233e+03 2.763184119106698517e+02
2.189688000000000102e+03 2.751984119106695630e+02
2.190753999999999905e+03 2.747314119106699195e+02
2.192260000000000218e+03 2.741984119106694493e+02
2.193546000000000276e+03 2.737314119106698058e+02
2.194627999999999702e+03 2.729454119106697476e+02
2.195896999999999935e+03 2.717254119106700614e+02
2.197136000000000422e+03 2.714854119106697681e+02
2.198469000000000051e+03 2.711784119106700359e+02
2.199659999999999854e+03 2.707254119106699477e+02
2.200945999999999913e+03 2.699454119106693497e+02
2.202483000000000175e+03 2.691984119106696198e+02
2.202483000000000175e+03 2.691984119106696198e+02
2.203484999999999673e+03 2.688054119106700455e+02
2.204757000000000517e+03 2.680254119106695043e+02
2.206041000000000167e+03 2.678254119106697999e+02
2.207563000000000102e+03 2.672254119106698909e+02
2.207563000000000102e+03 2.672254119106698909e+02
2.209914999999999964e+03 2.664654119106700705e+02
2.211185999999999694e+03 2.660114119106696648e+02
2.214023000000000138e+03 2.641384119106701860e+02
2.214023000000000138e+03 2.641384119106701860e+02
2.216564000000000306e+03 2.631454119106698499e+02
2.216564000000000306e+03 2.631454119106698499e+02
2.220170000000000073e+03 2.609454119106699181e+02
2.221440999999999804e+03 2.606054119106701705e+02
2.222743000000000393e+03 2.601314119106698968e+02
2.224324999999999818e+03 2.593654119106697635e+02
2.224324999999999818e+03 2.593654119106697635e+02
2.225172000000000480e+03 2.598054119106697613e+02
2.226426999999999680e+03 2.585714119106696103e+02
2.227681000000000495e+03 2.596184119106701473e+02
2.228983000000000175e+03 2.604454119106694066e+02
2.231837000000000444e+03 2.613254119106694020e+02
2.231837000000000444e+03 2.613254119106694020e+02
2.232871000000000095e+03 2.615654119106696953e+02
2.235724000000000160e+03 2.622184119106694880e+02
2.235724000000000160e+03 2.622184119106694880e+02
2.236775000000000546e+03 2.616984119106699609e+02
2.239565999999999804e+03 2.627254119106697203e+02
2.239565999999999804e+03 2.627254119106697203e+02
2.240569999999999709e+03 2.624714119106698718e+02
2.242091000000000349e+03 2.629914119106693988e+02
2.243189000000000306e+03 2.630914119106696489e+02
2.244426999999999680e+03 2.627654119106695134e+02
2.245715000000000146e+03 2.637114119106694261e+02
2.247280999999999949e+03 2.643914119106697171e+02
2.247280999999999949e+03 2.643914119106697171e+02
2.248318000000000211e+03 2.642914119106694670e+02
2.249632999999999811e+03 2.647454119106698727e+02
2.250920000000000073e+03 2.649584119106696676e+02
2.252440000000000509e+03 2.658114119106699604e+02
2.252440000000000509e+03 2.658114119106699604e+02
2.253492000000000189e+03 2.660784119106699563e+02
2.254572000000000116e+03 2.662514119106699582e+02
2.256060999999999694e+03 2.665584119106696903e+02
2.257208000000000538e+03 2.665254119106697317e+02
2.258431000000000495e+03 2.667514119106696171e+02
2.259935999999999694e+03 2.671114119106700855e+02
2.261050000000000182e+03 2.674254119106695953e+02
2.262523000000000138e+03 2.679184119106694197e+02
2.263621000000000095e+03 2.680514119106696853e+02
2.264921000000000276e+03 2.681714119106698604e+02
2.266159999999999854e+03 2.687114119106701082e+02
2.267430000000000291e+03 2.688984119106696653e+02
2.268699999999999818e+03 2.691384119106700155e+02
2.270252000000000407e+03 2.688914119106698877e+02
2.270252000000000407e+03 2.688914119106698877e+02
2.272806999999999789e+03 2.682254119106700614e+02
2.272806999999999789e+03 2.682254119106700614e+02
2.273890000000000327e+03 2.680714119106695534e+02
2.275163000000000466e+03 2.677314119106698627e+02
2.276650000000000546e+03 2.681514119106699354e+02
2.277762999999999920e+03 2.680514119106696853e+02
2.279190999999999804e+03 2.680054119106696362e+02
2.280240999999999985e+03 2.675714119106699513e+02
2.281542000000000371e+03 2.680584119106694629e+02
2.282782000000000153e+03 2.679254119106701069e+02
2.284051000000000386e+03 2.684114119106701537e+02
2.285322000000000116e+03 2.691454119106697931e+02
2.286606999999999971e+03 2.680854119106700182e+02
2.287940999999999804e+03 2.687984119106694152e+02
2.289240999999999985e+03 2.689784119106701041e+02
2.290340000000000146e+03 2.692384119106694129e+02
2.291623999999999796e+03 2.686314119106697262e+02
2.292880000000000109e+03 2.682114119106695966e+02
2.294180000000000291e+03 2.681854119106694156e+02
2.296798999999999978e+03 2.670254119106693906e+02
2.298257999999999811e+03 2.671584119106695994e+02
2.299355000000000473e+03 2.677184119106697722e+02
2.300641999999999825e+03 2.684514119106698899e+02
2.301911000000000058e+03 2.689114119106698126e+02
2.303181000000000495e+03 2.688714119106700196e+02
2.304623999999999796e+03 2.689254119106693679e+02
2.305940999999999804e+03 2.692184119106695448e+02
2.306961000000000240e+03 2.683584119106694175e+02
2.308480999999999767e+03 2.685114119106695512e+02
2.308480999999999767e+03 2.685114119106695512e+02
2.309563000000000102e+03 2.689314119106696808e+02
2.310801999999999680e+03 2.693054119106697044e+02
2.312025999999999840e+03 2.692654119106699113e+02
2.313529999999999745e+03 2.694714119106699286e+02
2.314784999999999854e+03 2.696514119106697080e+02
2.316039999999999964e+03 2.703454119106696112e+02
2.317137999999999920e+03 2.710654119106696385e+02
2.318469000000000051e+03 2.703114119106701310e+02
2.319927999999999884e+03 2.704714119106700423e+02
2.320962999999999738e+03 2.702914119106694102e+02
2.323581000000000131e+03 2.701054119106701705e+02
2.324867000000000189e+03 2.699784119106693652e+02
2.326154000000000451e+03 2.693784119106694561e+02
2.327422999999999774e+03 2.697314119106701469e+02
2.328990999999999985e+03 2.696314119106698399e+02
2.328990999999999985e+03 2.696314119106698399e+02
2.330025999999999840e+03 2.696314119106698399e+02
2.331123000000000502e+03 2.694454119106697476e+02
2.332613000000000284e+03 2.694054119106699545e+02
2.332613000000000284e+03 2.694054119106699545e+02
2.333648000000000138e+03 2.697914119106697513e+02
2.335184000000000196e+03 2.704984119106697449e+02
2.335184000000000196e+03 2.704984119106697449e+02
2.336204999999999927e+03 2.697184119106699995e+02
2.338789999999999964e+03 2.704114119106695284e+02
2.340310999999999694e+03 2.711654119106699454e+02
2.341421000000000276e+03 2.715254119106695043e+02
